FiredRedBullet:(56.58986,2.948344,-0.06494085):(1,0,0,0.4)
FiredRedBullet:(57.30862,3.469617,-0.06494085):(1,0,0,0.4)
FiredRedBullet:(56.90902,2.948356,-0.06494085):(1,0,0,0.4)
FiredRedBullet:(56.67529,2.948308,-0.06494085):(1,0,0,0.4)
FiredRedBullet:(57.25697,2.948355,-0.06494085):(1,0,0,0.4)
FiredRedBullet:(56.85723,2.948352,-0.06494085):(1,0,0,0.4)
FiredRedBullet:(-4.211999,8.068389,-0.06494085):(1,0,0,0.4)
TimesSwitched:(0,0,0):(0,0,1,0.4)
TimesSwitched:(0,0,0):(0,0,1,0.4)
TimesSwitched:(0,0,0):(0,0,1,0.4)
TimesSwitched:(0,0,0):(0,0,1,0.4)
FiredRedBullet:(-4.211999,8.068389,-0.06494085):(1,0,0,0.4)
FiredRedBullet:(-4.211999,8.068389,-0.06494085):(1,0,0,0.4)
FiredRedBullet:(-3.252958,8.068371,-0.06494085):(1,0,0,0.4)
FiredRedBullet:(15.79903,0.388341,-0.06494085):(1,0,0,0.4)
FiredRedBullet:(15.79903,0.388341,-0.06494085):(1,0,0,0.4)
FiredRedBullet:(16.11244,0.3883437,-0.06494085):(1,0,0,0.4)
FiredRedBullet:(56.94276,2.948349,-0.06494085):(1,0,0,0.4)
FiredRedBullet:(56.94275,2.948356,-0.06494085):(1,0,0,0.4)
FiredRedBullet:(56.71239,2.948352,-0.06494085):(1,0,0,0.4)
FiredRedBullet:(-4.211999,8.06834,-0.06494085):(1,0,0,0.4)
FiredRedBullet:(54.59724,2.948351,-0.06494085):(1,0,0,0.4)
FiredRedBullet:(54.31961,2.948331,-0.06494085):(1,0,0,0.4)
FiredRedBullet:(53.92,2.948339,-0.06494085):(1,0,0,0.4)
FiredRedBullet:(53.84008,2.948345,-0.06494085):(1,0,0,0.4)
FiredRedBullet:(-2.821358,8.068376,-0.06494085):(1,0,0,0.4)
FiredRedBullet:(15.58267,0.3882235,-0.06494085):(1,0,0,0.4)
FiredRedBullet:(-4.179999,8.068377,-0.06494085):(1,0,0,0.4)
FiredRedBullet:(-4.179999,8.068377,-0.06494085):(1,0,0,0.4)
FiredRedBullet:(15.86525,0.3883413,-0.06494085):(1,0,0,0.4)
FiredRedBullet:(15.86525,0.3883413,-0.06494085):(1,0,0,0.4)
FiredRedBullet:(15.86525,0.3883413,-0.06494085):(1,0,0,0.4)
FiredRedBullet:(-4.18,8.050394,-0.06494085):(1,0,0,0.4)
FiredRedBullet:(54.2712,2.930354,-0.06494085):(1,0,0,0.4)
FiredRedBullet:(54.65327,2.930358,-0.06494085):(1,0,0,0.4)
FiredRedBullet:(50.59138,5.490367,-0.06494085):(1,0,0,0.4)
FiredRedBullet:(53.94023,2.93035,-0.06494085):(1,0,0,0.4)
FiredRedBullet:(-3.431584,8.050394,-0.06494085):(1,0,0,0.4)
FiredRedBullet:(4.262162,0.3703963,-0.06494085):(1,0,0,0.4)
FiredRedBullet:(4.262162,0.9945948,-0.06494085):(1,0,0,0.4)
FiredRedBullet:(4.262162,1.030942,-0.06494085):(1,0,0,0.4)
FiredRedBullet:(12.40999,0.3703716,-0.06494085):(1,0,0,0.4)
FiredRedBullet:(53.64337,2.93035,-0.06494085):(1,0,0,0.4)
FiredRedBullet:(53.6516,2.93035,-0.06494085):(1,0,0,0.4)
FiredRedBullet:(53.47448,2.930347,-0.06494085):(1,0,0,0.4)
FiredRedBullet:(53.47448,2.930348,-0.06494085):(1,0,0,0.4)
FiredRedBullet:(53.47448,2.930348,-0.06494085):(1,0,0,0.4)
FiredRedBullet:(53.47448,2.930348,-0.06494085):(1,0,0,0.4)
FiredRedBullet:(16.21882,0.3703497,-0.06494085):(1,0,0,0.4)
FiredRedBullet:(16.21882,0.3703497,-0.06494085):(1,0,0,0.4)
FiredRedBullet:(16.6554,0.3703515,-0.06494085):(1,0,0,0.4)
FiredRedBullet:(-2.469386,8.050393,-0.06494085):(1,0,0,0.4)
FiredRedBullet:(2.972334,4.45798,-0.06494085):(1,0,0,0.4)
FiredRedBullet:(16.40137,0.3703505,-0.06494085):(1,0,0,0.4)
FiredRedBullet:(16.40137,0.3703505,-0.06494085):(1,0,0,0.4)
FiredRedBullet:(-2.431827,8.050394,-0.06494085):(1,0,0,0.4)
FiredRedBullet:(-0.3032673,8.392297,-0.06494085):(1,0,0,0.4)
FiredRedBullet:(1.311162,9.483393,-0.06494085):(1,0,0,0.4)
FiredRedBullet:(3.599338,5.490343,-0.06494085):(1,0,0,0.4)
FiredRedBullet:(2.653728,5.237281,-0.06494085):(1,0,0,0.4)
FiredRedBullet:(3.40062,2.031626,-0.06494085):(1,0,0,0.4)
FiredRedBullet:(4.760396,0.3703783,-0.06494085):(1,0,0,0.4)
FiredRedBullet:(-3.550777,8.050394,-0.06494085):(1,0,0,0.4)
FiredRedBullet:(53.91,2.930347,-0.06494085):(1,0,0,0.4)
FiredRedBullet:(53.91,2.930351,-0.06494085):(1,0,0,0.4)
FiredRedBullet:(53.91,2.930351,-0.06494085):(1,0,0,0.4)
FiredRedBullet:(-3.33,8.77608,-0.06494085):(1,0,0,0.4)
FiredRedBullet:(-1.465978,8.050379,-0.06494085):(1,0,0,0.4)
FiredRedBullet:(-0.779929,8.050379,-0.06494085):(1,0,0,0.4)
FiredRedBullet:(-0.404056,8.050389,-0.06494085):(1,0,0,0.4)
FiredRedBullet:(-3.329999,8.050389,-0.06494085):(1,0,0,0.4)
FiredRedBullet:(16.56103,0.3703511,-0.06494085):(1,0,0,0.4)
FiredRedBullet:(16.56103,0.3703511,-0.06494085):(1,0,0,0.4)
FiredRedBullet:(16.62079,0.3703512,-0.06494085):(1,0,0,0.4)
FiredRedBullet:(16.62079,0.3703513,-0.06494085):(1,0,0,0.4)
FiredRedBullet:(54.19691,2.930354,-0.06494085):(1,0,0,0.4)
FiredRedBullet:(53.6949,2.930351,-0.06494085):(1,0,0,0.4)
FiredRedBullet:(16.97416,0.3703527,-0.06494085):(1,0,0,0.4)
FiredRedBullet:(16.97416,0.3703528,-0.06494085):(1,0,0,0.4)
FiredRedBullet:(-3.329999,8.05038,-0.06494085):(1,0,0,0.4)
FiredRedBullet:(16.33998,0.3703501,-0.06494085):(1,0,0,0.4)
FiredRedBullet:(-3.33,8.78,-0.06494085):(1,0,0,0.4)
FiredRedBullet:(16.45755,0.37035,-0.06494085):(1,0,0,0.4)
FiredRedBullet:(16.45755,0.3703507,-0.06494085):(1,0,0,0.4)
FiredRedBullet:(16.45755,0.3703507,-0.06494085):(1,0,0,0.4)
FiredRedBullet:(53.30351,2.930344,-0.06494085):(1,0,0,0.4)
FiredRedBullet:(16.4645,0.3703507,-0.06494085):(1,0,0,0.4)
FiredRedBullet:(16.58923,0.3703513,-0.06494085):(1,0,0,0.4)
FiredRedBullet:(16.58923,0.3703513,-0.06494085):(1,0,0,0.4)
FiredRedBullet:(16.52686,0.370351,-0.06494085):(1,0,0,0.4)
FiredRedBullet:(20.51844,0.3703672,-0.06494085):(1,0,0,0.4)
FiredRedBullet:(20.51844,0.3703671,-0.06494085):(1,0,0,0.4)
FiredRedBullet:(20.51844,0.3703673,-0.06494085):(1,0,0,0.4)
FiredRedBullet:(20.44666,1.803506,-0.06494085):(1,0,0,0.4)
FiredRedBullet:(-1.982954,8.050382,-0.06494085):(1,0,0,0.4)
FiredRedBullet:(15.27764,1.284072,-0.06494085):(1,0,0,0.4)
FiredRedBullet:(16.47236,0.3703508,-0.06494085):(1,0,0,0.4)
FiredRedBullet:(16.47236,0.3703507,-0.06494085):(1,0,0,0.4)
FiredRedBullet:(16.19967,0.3703496,-0.06494085):(1,0,0,0.4)
FiredRedBullet:(16.19967,0.3703496,-0.06494085):(1,0,0,0.4)
FiredRedBullet:(16.19967,0.3703496,-0.06494085):(1,0,0,0.4)
FiredRedBullet:(15.99186,0.3703438,-0.06494085):(1,0,0,0.4)
FiredRedBullet:(16.37221,1.359049,-0.06494085):(1,0,0,0.4)
FiredRedBullet:(14.12568,1.814176,-0.06494085):(1,0,0,0.4)
FiredRedBullet:(15.83332,0.3703474,-0.06494085):(1,0,0,0.4)
FiredRedBullet:(13.65086,1.828779,-0.06494085):(1,0,0,0.4)
FiredRedBullet:(13.1474,1.728928,-0.06494085):(1,0,0,0.4)
FiredRedBullet:(14.8025,1.147763,-0.06494085):(1,0,0,0.4)
FiredRedBullet:(14.99835,1.523916,-0.06494085):(1,0,0,0.4)
FiredRedBullet:(15.85027,0.3703482,-0.06494085):(1,0,0,0.4)
FiredRedBullet:(14.4682,1.543413,-0.06494085):(1,0,0,0.4)
FiredRedBullet:(15.70898,1.182324,-0.06494085):(1,0,0,0.4)
FiredRedBullet:(15.96473,1.597067,-0.06494085):(1,0,0,0.4)
FiredRedBullet:(15.77353,0.3703389,-0.06494085):(1,0,0,0.4)
FiredRedBullet:(15.93061,0.3703485,-0.06494085):(1,0,0,0.4)
FiredRedBullet:(27.96389,9.330399,-0.06494085):(1,0,0,0.4)
FiredRedBullet:(28.36065,9.330392,-0.06494085):(1,0,0,0.4)
FiredRedBullet:(-3.048962,8.050395,-0.06494085):(1,0,0,0.4)
FiredRedBullet:(8.45047,0.3651774,-0.06494085):(1,0,0,0.4)
FiredRedBullet:(49.41033,5.490362,-0.06494085):(1,0,0,0.4)
FiredRedBullet:(49.51389,5.490362,-0.06494085):(1,0,0,0.4)
FiredRedBullet:(46.38193,6.486351,-0.06494085):(1,0,0,0.4)
FiredRedBullet:(16.95673,0.3703527,-0.06494085):(1,0,0,0.4)
FiredRedBullet:(16.95673,0.3703527,-0.06494085):(1,0,0,0.4)
FiredRedBullet:(16.21207,0.3703497,-0.06494085):(1,0,0,0.4)
FiredRedBullet:(16.21207,0.3703497,-0.06494085):(1,0,0,0.4)
FiredRedBullet:(16.40851,0.3703505,-0.06494085):(1,0,0,0.4)
FiredRedBullet:(16.82531,0.3703522,-0.06494085):(1,0,0,0.4)
FiredRedBullet:(16.82531,0.3703522,-0.06494085):(1,0,0,0.4)
FiredRedBullet:(-0.7334406,8.050388,-0.06494085):(1,0,0,0.4)
FiredRedBullet:(-0.7334406,8.050388,-0.06494085):(1,0,0,0.4)
FiredRedBullet:(-2.500818,8.050386,-0.06494085):(1,0,0,0.4)
FiredRedBullet:(-2.500818,8.050386,-0.06494085):(1,0,0,0.4)
FiredRedBullet:(-2.500818,8.050386,-0.06494085):(1,0,0,0.4)
FiredRedBullet:(-3.361586,8.050366,-0.06494085):(1,0,0,0.4)
FiredRedBullet:(-2.663631,8.050387,-0.06494085):(1,0,0,0.4)
FiredRedBullet:(-0.0700334,8.050387,-0.06494085):(1,0,0,0.4)
FiredRedBullet:(-0.0700334,8.050387,-0.06494085):(1,0,0,0.4)
FiredRedBullet:(0.8702128,7.84211,-0.06494085):(1,0,0,0.4)
FiredRedBullet:(3.752555,1.488481,-0.06494085):(1,0,0,0.4)
FiredRedBullet:(11.42441,0.3703768,-0.06494085):(1,0,0,0.4)
FiredRedBullet:(-3.344601,8.050384,-0.06494085):(1,0,0,0.4)
FiredRedBullet:(15.44914,1.174735,-0.06494085):(1,0,0,0.4)
FiredRedBullet:(16.52325,0.370351,-0.06494085):(1,0,0,0.4)
FiredRedBullet:(16.52325,0.370351,-0.06494085):(1,0,0,0.4)
FiredRedBullet:(-0.7894067,8.050383,-0.06494085):(1,0,0,0.4)
FiredRedBullet:(-0.7894067,8.050383,-0.06494085):(1,0,0,0.4)
FiredRedBullet:(3.980707,0.5691718,-0.06494085):(1,0,0,0.4)
FiredRedBullet:(3.980707,0.3703992,-0.06494085):(1,0,0,0.4)
FiredRedBullet:(3.980707,0.3703992,-0.06494085):(1,0,0,0.4)
FiredRedBullet:(3.980707,0.3703992,-0.06494085):(1,0,0,0.4)
FiredRedBullet:(3.980707,0.3703992,-0.06494085):(1,0,0,0.4)
FiredRedBullet:(8.450538,0.3651774,-0.06494085):(1,0,0,0.4)
FiredRedBullet:(17.04713,0.3703531,-0.06494085):(1,0,0,0.4)
FiredRedBullet:(15.05579,1.326809,-0.06494085):(1,0,0,0.4)
FiredRedBullet:(16.36179,0.3703503,-0.06494085):(1,0,0,0.4)
FiredRedBullet:(13.91265,1.807403,-0.06494085):(1,0,0,0.4)
FiredRedBullet:(15.557,0.3703444,-0.06494085):(1,0,0,0.4)
FiredRedBullet:(16.27105,0.3703496,-0.06494085):(1,0,0,0.4)
FiredRedBullet:(16.27105,0.3703499,-0.06494085):(1,0,0,0.4)
FiredRedBullet:(-1.940162,8.050389,-0.06494085):(1,0,0,0.4)
FiredRedBullet:(4.207397,0.7783356,-0.06494085):(1,0,0,0.4)
FiredRedBullet:(13.4701,1.764166,-0.06494085):(1,0,0,0.4)
FiredRedBullet:(15.45665,0.3703452,-0.06494085):(1,0,0,0.4)
FiredRedBullet:(16.31858,1.51495,-0.06494085):(1,0,0,0.4)
FiredRedBullet:(16.34262,1.512302,-0.06494085):(1,0,0,0.4)
FiredRedBullet:(13.18051,1.735647,-0.06494085):(1,0,0,0.4)
FiredRedBullet:(14.74003,0.6811574,-0.06494085):(1,0,0,0.4)
FiredRedBullet:(15.42938,1.39284,-0.06494085):(1,0,0,0.4)
FiredRedBullet:(13.7593,1.821184,-0.06494085):(1,0,0,0.4)
FiredRedBullet:(15.7692,0.3703471,-0.06494085):(1,0,0,0.4)
FiredRedBullet:(13.22392,1.648847,-0.06494085):(1,0,0,0.4)
FiredRedBullet:(15.36814,0.3703404,-0.06494085):(1,0,0,0.4)
FiredRedBullet:(54.09338,2.930353,-0.06494085):(1,0,0,0.4)
FiredRedBullet:(12.93209,1.759703,-0.06494085):(1,0,0,0.4)
FiredRedBullet:(14.37947,0.8005183,-0.06494085):(1,0,0,0.4)
FiredRedBullet:(13.62521,1.822171,-0.06494085):(1,0,0,0.4)
FiredRedBullet:(15.13508,1.358066,-0.06494085):(1,0,0,0.4)
FiredRedBullet:(12.86081,1.736835,-0.06494085):(1,0,0,0.4)
FiredRedBullet:(14.12929,1.161466,-0.06494085):(1,0,0,0.4)
FiredRedBullet:(15.79104,0.3703479,-0.06494085):(1,0,0,0.4)
FiredRedBullet:(16.06391,0.3703491,-0.06494085):(1,0,0,0.4)
FiredRedBullet:(16.06391,0.3703491,-0.06494085):(1,0,0,0.4)
FiredRedBullet:(16.06391,0.3703491,-0.06494085):(1,0,0,0.4)
FiredRedBullet:(16.06391,1.499649,-0.06494085):(1,0,0,0.4)
FiredRedBullet:(13.09888,1.603551,-0.06494085):(1,0,0,0.4)
FiredRedBullet:(14.33975,1.440529,-0.06494085):(1,0,0,0.4)
FiredRedBullet:(15.60579,0.3703465,-0.06494085):(1,0,0,0.4)
FiredRedBullet:(13.16311,1.640026,-0.06494085):(1,0,0,0.4)
FiredRedBullet:(14.78443,0.8323687,-0.06494085):(1,0,0,0.4)
FiredRedBullet:(12.92648,1.474263,-0.06494085):(1,0,0,0.4)
FiredRedBullet:(14.57137,1.089213,-0.06494085):(1,0,0,0.4)
FiredRedBullet:(16.25261,0.3703499,-0.06494085):(1,0,0,0.4)
FiredRedBullet:(15.01364,1.252594,-0.06494085):(1,0,0,0.4)
FiredRedBullet:(15.97775,1.15957,-0.06494085):(1,0,0,0.4)
FiredRedBullet:(16.27744,1.689879,-0.06494085):(1,0,0,0.4)
FiredRedBullet:(-3.54,8.05039,-0.06494085):(1,0,0,0.4)
FiredRedBullet:(12.98124,1.583114,-0.06494085):(1,0,0,0.4)
FiredRedBullet:(14.31197,1.364682,-0.06494085):(1,0,0,0.4)
FiredRedBullet:(51.79865,5.490385,-0.06494085):(1,0,0,0.4)
FiredRedBullet:(13.72023,1.814122,-0.06494085):(1,0,0,0.4)
FiredRedBullet:(16.17448,1.324033,-0.06494085):(1,0,0,0.4)
FiredRedBullet:(13.09573,1.730744,-0.06494085):(1,0,0,0.4)
FiredRedBullet:(15.64114,0.3703468,-0.06494085):(1,0,0,0.4)
FiredRedBullet:(15.83248,1.694645,-0.06494085):(1,0,0,0.4)
FiredRedBullet:(13.79285,1.767667,-0.06494085):(1,0,0,0.4)
FiredRedBullet:(15.69031,1.591941,-0.06494085):(1,0,0,0.4)
FiredRedBullet:(16.0899,0.8061438,-0.06494085):(1,0,0,0.4)
FiredRedBullet:(-3.46,8.386081,-0.06494085):(1,0,0,0.4)
FiredRedBullet:(-3.46,8.05039,-0.06494085):(1,0,0,0.4)
FiredRedBullet:(-1.614226,8.05039,-0.06494085):(1,0,0,0.4)
FiredRedBullet:(13.41395,1.65291,-0.06494085):(1,0,0,0.4)
FiredRedBullet:(15.00731,0.8515455,-0.06494085):(1,0,0,0.4)
FiredRedBullet:(-3.46,8.05039,-0.06494085):(1,0,0,0.4)
FiredRedBullet:(-3.46,8.05039,-0.06494085):(1,0,0,0.4)
FiredRedBullet:(5.552495,0.37038,-0.06494085):(1,0,0,0.4)
FiredRedBullet:(5.005598,1.439772,-0.06494085):(1,0,0,0.4)
FiredRedBullet:(4.755847,1.370389,-0.06494085):(1,0,0,0.4)
FiredRedBullet:(3.297709,1.681467,-0.06494085):(1,0,0,0.4)
FiredRedBullet:(3.110952,2.771277,-0.06494085):(1,0,0,0.4)
FiredRedBullet:(3.460603,2.376268,-0.06494085):(1,0,0,0.4)
FiredRedBullet:(13.10965,1.617683,-0.06494085):(1,0,0,0.4)
FiredRedBullet:(15.78899,1.397228,-0.06494085):(1,0,0,0.4)
FiredRedBullet:(16.23853,1.312646,-0.06494085):(1,0,0,0.4)
FiredRedBullet:(14.10362,1.581474,-0.06494085):(1,0,0,0.4)
FiredRedBullet:(16.35765,1.194538,-0.06494085):(1,0,0,0.4)
FiredRedBullet:(12.72745,1.61411,-0.06494085):(1,0,0,0.4)
FiredRedBullet:(14.20221,1.122264,-0.06494085):(1,0,0,0.4)
FiredRedBullet:(12.81094,1.606361,-0.06494085):(1,0,0,0.4)
FiredRedBullet:(14.70329,0.3971279,-0.06494085):(1,0,0,0.4)
FiredRedBullet:(16.10058,1.762015,-0.06494085):(1,0,0,0.4)
FiredRedBullet:(12.9725,1.5442,-0.06494085):(1,0,0,0.4)
FiredRedBullet:(15.52905,0.9875028,-0.06494085):(1,0,0,0.4)
FiredRedBullet:(13.2649,1.250344,-0.06494085):(1,0,0,0.4)
FiredRedBullet:(14.17395,1.822919,-0.06494085):(1,0,0,0.4)
FiredRedBullet:(15.84489,0.370348,-0.06494085):(1,0,0,0.4)
FiredRedBullet:(15.77258,1.322357,-0.06494085):(1,0,0,0.4)
FiredRedBullet:(15.77258,1.401552,-0.06494085):(1,0,0,0.4)
FiredRedBullet:(12.84791,1.612526,-0.06494085):(1,0,0,0.4)
FiredRedBullet:(14.86561,0.3703443,-0.06494085):(1,0,0,0.4)
FiredRedBullet:(15.27579,0.3703459,-0.06494085):(1,0,0,0.4)
FiredRedBullet:(15.95941,1.052418,-0.06494085):(1,0,0,0.4)
FiredRedBullet:(15.95941,0.3703487,-0.06494085):(1,0,0,0.4)
FiredRedBullet:(15.95941,1.219235,-0.06494085):(1,0,0,0.4)
FiredRedBullet:(15.95941,0.3703474,-0.06494085):(1,0,0,0.4)
FiredRedBullet:(15.95941,1.551934,-0.06494085):(1,0,0,0.4)
FiredRedBullet:(16.91647,0.9542233,-0.06494085):(1,0,0,0.4)
FiredRedBullet:(16.91647,1.797422,-0.06494085):(1,0,0,0.4)
FiredRedBullet:(16.91647,0.9208536,-0.06494085):(1,0,0,0.4)
FiredRedBullet:(20.03541,1.293557,-0.06494085):(1,0,0,0.4)
FiredRedBullet:(20.03541,1.660328,-0.06494085):(1,0,0,0.4)
FiredRedBullet:(19.65782,0.3703601,-0.06494085):(1,0,0,0.4)
FiredRedBullet:(19.65782,1.59523,-0.06494085):(1,0,0,0.4)
FiredRedBullet:(-3.261562,8.05039,-0.06494085):(1,0,0,0.4)
FiredRedBullet:(16.01749,0.3703489,-0.06494085):(1,0,0,0.4)
FiredRedBullet:(16.01749,1.397884,-0.06494085):(1,0,0,0.4)
FiredRedBullet:(16.01749,1.477077,-0.06494085):(1,0,0,0.4)
