DeathLocation:(30.94674,-4.761683,0.01199218):(1,0,0,0.4)
DeathLocation:(7.312719,-4.797109,0.01199218):(1,0,0,0.4)
StaminaLocation:(4.289846,-1.959609,0.01199218):(0,0,1,0.4)
StaminaLocation:(10.41797,-1.959471,0.01199218):(0,0,1,0.4)
StaminaLocation:(21.5803,-0.7794143,0.01199218):(0,0,1,0.4)
StaminaLocation:(27.18741,-1.527878,0.01199218):(0,0,1,0.4)
StaminaLocation:(27.83092,-1.758968,0.01199218):(0,0,1,0.4)
DeathLocation:(28.46756,-5.461501,0.01199218):(1,0,0,0.4)
StaminaLocation:(4.383904,-1.95938,0.01199218):(0,0,1,0.4)
StaminaLocation:(6.80861,-1.959398,0.01199218):(0,0,1,0.4)
StaminaLocation:(4.32304,-1.959582,0.01199218):(0,0,1,0.4)
StaminaLocation:(6.433319,-1.959396,0.01199218):(0,0,1,0.4)
DeathLocation:(7.862331,-4.729745,0.01199218):(1,0,0,0.4)
StaminaLocation:(4.14,-1.959436,0.01199218):(0,0,1,0.4)
StaminaLocation:(9.601168,-1.959429,0.01199218):(0,0,1,0.4)
StaminaLocation:(14.122,-1.959414,0.01199218):(0,0,1,0.4)
StaminaLocation:(10.43717,-1.959828,0.01199218):(0,0,1,0.4)
StaminaLocation:(19.53547,-2.650711,0.01199218):(0,0,1,0.4)
DeathLocation:(19.89548,-4.753846,0.01199218):(1,0,0,0.4)
StaminaLocation:(4.432078,-1.959386,0.01199218):(0,0,1,0.4)
StaminaLocation:(4.195168,-1.959568,0.01199218):(0,0,1,0.4)
StaminaLocation:(7.306727,-1.971171,0.01199218):(0,0,1,0.4)
StaminaLocation:(7.531722,-2.647569,0.01199218):(0,0,1,0.4)
DeathLocation:(7.531785,-4.730866,0.01199218):(1,0,0,0.4)
DeathLocation:(7.531775,-4.76455,0.01199218):(1,0,0,0.4)
StaminaLocation:(4.709071,-1.959484,0.01199218):(0,0,1,0.4)
StaminaLocation:(4.317348,-1.959376,0.01199218):(0,0,1,0.4)
StaminaLocation:(5.802297,-1.959388,0.01199218):(0,0,1,0.4)
StaminaLocation:(5.091206,-1.959381,0.01199218):(0,0,1,0.4)
StaminaLocation:(6.134895,-1.959392,0.01199218):(0,0,1,0.4)
StaminaLocation:(4.526517,-1.959378,0.01199218):(0,0,1,0.4)
StaminaLocation:(4.917884,-1.959382,0.01199218):(0,0,1,0.4)
StaminaLocation:(5.355635,-1.959385,0.01199218):(0,0,1,0.4)
StaminaLocation:(4.334414,-1.960247,0.01199218):(0,0,1,0.4)
StaminaLocation:(4.908794,-1.959381,0.01199218):(0,0,1,0.4)
StaminaLocation:(5.623418,-1.959387,0.01199218):(0,0,1,0.4)
StaminaLocation:(5.737283,-1.959387,0.01199218):(0,0,1,0.4)
StaminaLocation:(6.380013,-1.959392,0.01199218):(0,0,1,0.4)
StaminaLocation:(4.312371,-1.959376,0.01199218):(0,0,1,0.4)
StaminaLocation:(6.64726,-1.959394,0.01199218):(0,0,1,0.4)
StaminaLocation:(4.425265,-1.959647,0.01199218):(0,0,1,0.4)
StaminaLocation:(5.407608,-1.959385,0.01199218):(0,0,1,0.4)
StaminaLocation:(5.294218,-1.959384,0.01199218):(0,0,1,0.4)
StaminaLocation:(10.51473,-1.959426,0.01199218):(0,0,1,0.4)
StaminaLocation:(22.20882,-0.7761385,0.01199218):(0,0,1,0.4)
StaminaLocation:(9.228288,-1.95943,0.01199218):(0,0,1,0.4)
StaminaLocation:(22.30402,-0.7794048,0.01199218):(0,0,1,0.4)
StaminaLocation:(36.33178,-0.7795283,0.01199218):(0,0,1,0.4)
StaminaLocation:(4.286927,-1.95967,0.01199218):(0,0,1,0.4)
StaminaLocation:(9.160439,-1.959945,0.01199218):(0,0,1,0.4)
StaminaLocation:(18.44055,-1.959689,0.01199218):(0,0,1,0.4)
StaminaLocation:(10.53797,-1.959425,0.01199218):(0,0,1,0.4)
StaminaLocation:(17.80004,-1.959401,0.01199218):(0,0,1,0.4)
StaminaLocation:(9.076787,-1.959427,0.01199218):(0,0,1,0.4)
StaminaLocation:(21.60769,-0.7794231,0.01199218):(0,0,1,0.4)
DeathLocation:(28.81076,-4.783799,0.01199218):(1,0,0,0.4)
StaminaLocation:(9.472764,-1.959775,0.01199218):(0,0,1,0.4)
StaminaLocation:(22.25326,-0.7794057,0.01199218):(0,0,1,0.4)
StaminaLocation:(36.86617,-0.7798426,0.01199218):(0,0,1,0.4)
StaminaLocation:(4.344618,-1.959499,0.01199218):(0,0,1,0.4)
StaminaLocation:(14.83997,-1.959407,0.01199218):(0,0,1,0.4)
StaminaLocation:(18.4109,-1.954877,0.01199218):(0,0,1,0.4)
StaminaLocation:(9.221951,-1.954904,0.01199218):(0,0,1,0.4)
StaminaLocation:(18.11888,-1.954878,0.01199218):(0,0,1,0.4)
StaminaLocation:(4.546711,-1.959515,0.01199218):(0,0,1,0.4)
StaminaLocation:(9.581228,-1.959427,0.01199218):(0,0,1,0.4)
StaminaLocation:(4.278863,-1.959619,0.01199218):(0,0,1,0.4)
StaminaLocation:(22.62532,-0.7697656,0.01199218):(0,0,1,0.4)
StaminaLocation:(37.11118,-0.7798685,0.01199218):(0,0,1,0.4)
StaminaLocation:(40.13133,-0.7794212,0.01199218):(0,0,1,0.4)
