FiredRedBullet:(0.988155,-1.391437,0.01199218):(1,0,0,0.4)
FiredRedBullet:(3.704244,-1.921655,0.01199218):(1,0,0,0.4)
FiredRedBullet:(3.704244,-1.921653,0.01199218):(1,0,0,0.4)
FiredRedBullet:(7.041786,-0.8342157,0.01199218):(1,0,0,0.4)
FiredRedBullet:(9.658315,-1.92166,0.01199218):(1,0,0,0.4)
FiredRedBullet:(0.2676833,-1.921626,0.01199218):(1,0,0,0.4)
FiredRedBullet:(3.304645,-1.921659,0.01199218):(1,0,0,0.4)
FiredRedBullet:(3.304645,-1.343514,0.01199218):(1,0,0,0.4)
FiredRedBullet:(-0.5462491,-1.921621,0.01199218):(1,0,0,0.4)
TimesSwitched:(0,0,0):(0,0,1,0.4)
TimesSwitched:(0,0,0):(0,0,1,0.4)
TimesSwitched:(0,0,0):(0,0,1,0.4)
TimesSwitched:(0,0,0):(0,0,1,0.4)
TimesSwitched:(0,0,0):(0,0,1,0.4)
TimesSwitched:(0,0,0):(0,0,1,0.4)
TimesSwitched:(0,0,0):(0,0,1,0.4)
TimesSwitched:(0,0,0):(0,0,1,0.4)
TimesSwitched:(0,0,0):(0,0,1,0.4)
FiredRedBullet:(4.14,-1.921611,0.01199218):(1,0,0,0.4)
FiredRedBullet:(4.14,-1.36392,0.01199218):(1,0,0,0.4)
FiredRedBullet:(4.139999,-1.397594,0.01199218):(1,0,0,0.4)
FiredRedBullet:(4.389472,-1.939606,0.01199218):(1,0,0,0.4)
