StaminaLocation:(43.58665,5.463947,-0.06494085):(0,0,1,0.4)
StaminaLocation:(17.40289,2.910575,-0.06494085):(0,0,1,0.4)
StaminaLocation:(8.920147,4.190595,-0.06494085):(0,0,1,0.4)
StaminaLocation:(6.502053,4.190588,-0.06494085):(0,0,1,0.4)
StaminaLocation:(1.769287,6.750593,-0.06494085):(0,0,1,0.4)
StaminaLocation:(0.7302492,10.59059,-0.06494085):(0,0,1,0.4)
StaminaLocation:(0.955651,12.42445,-0.06494085):(0,0,1,0.4)
StaminaLocation:(8.520886,4.190593,-0.06494085):(0,0,1,0.4)
DeathLocation:(5.920944,4.190584,-0.06494085):(1,0,0,0.4)
StaminaLocation:(5.737569,4.190582,-0.06494085):(0,0,1,0.4)
DeathLocation:(15.87551,1.005268,-0.1051779):(1,0,0,0.4)
DeathLocation:(15.29651,0.90755,-0.1051779):(1,0,0,0.4)
DeathLocation:(17.85845,8.643476,-0.1051779):(1,0,0,0.4)
StaminaLocation:(21.38246,9.988083,-0.1051779):(0,0,1,0.4)
StaminaLocation:(19.80697,13.10153,-0.1051779):(0,0,1,0.4)
StaminaLocation:(19.02082,10.16937,-0.1051779):(0,0,1,0.4)
DeathLocation:(17.57508,8.560597,-0.1051779):(1,0,0,0.4)
StaminaLocation:(12.27951,9.31418,-0.1051779):(0,0,1,0.4)
DeathLocation:(16.45456,7.944089,-0.1051779):(1,0,0,0.4)
DeathLocation:(15.56624,0.9080402,-0.1051779):(1,0,0,0.4)
DeathLocation:(13.58764,13.17037,-0.1051779):(1,0,0,0.4)
DeathLocation:(13.3146,13.17037,-0.1051779):(1,0,0,0.4)
StaminaLocation:(17.71035,14.28827,-0.1051779):(0,0,1,0.4)
DeathLocation:(13.37345,14.06068,-0.1051779):(1,0,0,0.4)
DeathLocation:(16.46606,8.301165,-0.1051779):(1,0,0,0.4)
DeathLocation:(15.22658,0.907549,-0.1051779):(1,0,0,0.4)
StaminaLocation:(17.93149,14.28814,-0.1051779):(0,0,1,0.4)
DeathLocation:(12.3138,13.28414,-0.1051779):(1,0,0,0.4)
DeathLocation:(10.95,14.60133,-0.1051779):(1,0,0,0.4)
DeathLocation:(16.42481,0.9141458,-0.1051779):(1,0,0,0.4)
DeathLocation:(16.86508,8.62785,-0.1051779):(1,0,0,0.4)
DeathLocation:(13.55616,13.17037,-0.1051779):(1,0,0,0.4)
DeathLocation:(26.93067,1.014532,-0.1051779):(1,0,0,0.4)
DeathLocation:(13.50269,14.09457,-0.1051779):(1,0,0,0.4)
DeathLocation:(16.45601,8.161198,-0.1051779):(1,0,0,0.4)
DeathLocation:(16.42481,0.9141684,-0.1051779):(1,0,0,0.4)
DeathLocation:(12.68642,14.15583,-0.1051779):(1,0,0,0.4)
DeathLocation:(16.40044,0.90755,-0.1051779):(1,0,0,0.4)
DeathLocation:(15.4064,0.907549,-0.1051779):(1,0,0,0.4)
StaminaLocation:(10.93795,15.43251,-0.1051779):(0,0,1,0.4)
