DeathLocation:(40.6838,0.3505789,-0.06494085):(1,0,0,0.4)
DeathLocation:(40.6838,0.3505789,-0.06494085):(1,0,0,0.4)
DeathLocation:(40.6838,0.3505789,-0.06494085):(1,0,0,0.4)
DeathLocation:(40.6838,0.3505789,-0.06494085):(1,0,0,0.4)
DeathLocation:(43.19044,2.571081,-0.06494085):(1,0,0,0.4)
DeathLocation:(43.19044,2.571081,-0.06494085):(1,0,0,0.4)
DeathLocation:(43.19044,2.571081,-0.06494085):(1,0,0,0.4)
DeathLocation:(7.272082,0.3703556,-0.06494085):(1,0,0,0.4)
DeathLocation:(7.272082,0.3703556,-0.06494085):(1,0,0,0.4)
DeathLocation:(7.272082,0.3703556,-0.06494085):(1,0,0,0.4)
DeathLocation:(7.272082,0.3703556,-0.06494085):(1,0,0,0.4)
DeathLocation:(47.85,6.82666,-0.06494085):(1,0,0,0.4)
DeathLocation:(29.34515,2.241075,-0.06494085):(1,0,0,0.4)
DeathLocation:(29.28515,2.080191,-0.06494085):(1,0,0,0.4)
DeathLocation:(29.28515,2.080191,-0.06494085):(1,0,0,0.4)
DeathLocation:(41.52026,1.033325,-0.06494085):(1,0,0,0.4)
DeathLocation:(36.61359,1.03333,-0.06494085):(1,0,0,0.4)
DeathLocation:(29.70942,2.158974,-0.06494085):(1,0,0,0.4)
DeathLocation:(30.0488,1.630588,-0.06494085):(1,0,0,0.4)
DeathLocation:(-5.03384,9.335366,-0.06494085):(1,0,0,0.4)
DeathLocation:(30.05807,1.858278,-0.06494085):(1,0,0,0.4)
DeathLocation:(30.03183,1.650363,-0.06494085):(1,0,0,0.4)
DeathLocation:(28.69098,1.630548,-0.06494085):(1,0,0,0.4)
DeathLocation:(8.616373,1.094556,-0.06494085):(1,0,0,0.4)
DeathLocation:(8.909511,1.004722,-0.06494085):(1,0,0,0.4)
DeathLocation:(9.557381,1.007641,-0.06494085):(1,0,0,0.4)
DeathLocation:(10.11136,1.005279,-0.06494085):(1,0,0,0.4)
DeathLocation:(11.79161,1.016887,-0.06494085):(1,0,0,0.4)
DeathLocation:(10.13101,1.053852,-0.06494085):(1,0,0,0.4)
DeathLocation:(4.598846,0.9134316,-0.06494085):(1,0,0,0.4)
DeathLocation:(8.878016,0.9720601,-0.06494085):(1,0,0,0.4)
DeathLocation:(14.52911,1.03943,-0.06494085):(1,0,0,0.4)
DeathLocation:(16.85176,11.12177,-0.06494085):(1,0,0,0.4)
DeathLocation:(10.80094,13.17038,-0.06494085):(1,0,0,0.4)
DeathLocation:(10.79735,13.17038,-0.06494085):(1,0,0,0.4)
DeathLocation:(10.44189,13.17038,-0.06494085):(1,0,0,0.4)
DeathLocation:(10.1915,13.17038,-0.06494085):(1,0,0,0.4)
DeathLocation:(15.60825,1.098579,-0.06494085):(1,0,0,0.4)
DeathLocation:(15.09015,1.090591,-0.06494085):(1,0,0,0.4)
DeathLocation:(6.850045,0.9720646,-0.06494085):(1,0,0,0.4)
DeathLocation:(10.19777,13.17038,-0.06494085):(1,0,0,0.4)
DeathLocation:(10.80094,13.17038,-0.06494085):(1,0,0,0.4)
DeathLocation:(10.85833,13.17038,-0.06494085):(1,0,0,0.4)
DeathLocation:(10.10635,13.17038,-0.06494085):(1,0,0,0.4)
DeathLocation:(10.4107,13.17038,-0.06494085):(1,0,0,0.4)
DeathLocation:(7.266375,1.083573,-0.06494085):(1,0,0,0.4)
DeathLocation:(9.805737,1.001204,-0.06494085):(1,0,0,0.4)
DeathLocation:(13.56387,1.004711,-0.06494085):(1,0,0,0.4)
DeathLocation:(8.895932,1.001423,-0.06494085):(1,0,0,0.4)
DeathLocation:(10.48655,1.007417,-0.06494085):(1,0,0,0.4)
DeathLocation:(4.436149,0.9205998,-0.06494085):(1,0,0,0.4)
DeathLocation:(4.75889,0.9588006,-0.06494085):(1,0,0,0.4)
DeathLocation:(7.569001,1.026254,-0.06494085):(1,0,0,0.4)
DeathLocation:(6.346146,1.019939,-0.06494085):(1,0,0,0.4)
DeathLocation:(6.346113,1.019378,-0.06494085):(1,0,0,0.4)
DeathLocation:(3.803014,0.8697523,-0.06494085):(1,0,0,0.4)
DeathLocation:(8.420032,1.017605,-0.06494085):(1,0,0,0.4)
DeathLocation:(4.885201,1.01243,-0.06494085):(1,0,0,0.4)
DeathLocation:(9.825215,1.059744,-0.06494085):(1,0,0,0.4)
DeathLocation:(7.162118,4.210361,-0.06494085):(1,0,0,0.4)
DeathLocation:(7.226463,4.210361,-0.06494085):(1,0,0,0.4)
DeathLocation:(6.463906,4.210358,-0.06494085):(1,0,0,0.4)
DeathLocation:(6.353821,4.190586,-0.06494085):(1,0,0,0.4)
DeathLocation:(6.186947,4.190588,-0.06494085):(1,0,0,0.4)
DeathLocation:(6.579827,4.190589,-0.06494085):(1,0,0,0.4)
DeathLocation:(10.06942,1.048969,-0.06494085):(1,0,0,0.4)
DeathLocation:(7.037263,4.190588,-0.06494085):(1,0,0,0.4)
DeathLocation:(6.64522,4.190588,-0.06494085):(1,0,0,0.4)
DeathLocation:(10.05799,1.037279,-0.06494085):(1,0,0,0.4)
DeathLocation:(6.037547,4.190585,-0.06494085):(1,0,0,0.4)
DeathLocation:(6.613616,4.190587,-0.06494085):(1,0,0,0.4)
DeathLocation:(6.834406,4.190588,-0.06494085):(1,0,0,0.4)
DeathLocation:(7.072959,4.190588,-0.06494085):(1,0,0,0.4)
DeathLocation:(6.455069,4.190588,-0.06494085):(1,0,0,0.4)
DeathLocation:(5.867237,4.190586,-0.06494085):(1,0,0,0.4)
DeathLocation:(6.989666,4.190591,-0.06494085):(1,0,0,0.4)
DeathLocation:(6.520987,4.192005,-0.06494085):(1,0,0,0.4)
DeathLocation:(6.570317,4.190572,-0.06494085):(1,0,0,0.4)
DeathLocation:(10.05851,1.00527,-0.06494085):(1,0,0,0.4)
DeathLocation:(10.19837,1.005273,-0.06494085):(1,0,0,0.4)
DeathLocation:(10.18112,1.066891,-0.06494085):(1,0,0,0.4)
DeathLocation:(6.880807,4.190588,-0.06494085):(1,0,0,0.4)
DeathLocation:(5.881228,4.190584,-0.06494085):(1,0,0,0.4)
DeathLocation:(4.802261,4.190586,-0.06494085):(1,0,0,0.4)
DeathLocation:(4.042819,4.190577,-0.06494085):(1,0,0,0.4)
DeathLocation:(5.923759,4.190584,-0.06494085):(1,0,0,0.4)
DeathLocation:(6.140507,4.210356,-0.06494085):(1,0,0,0.4)
DeathLocation:(4.58457,4.21035,-0.06494085):(1,0,0,0.4)
DeathLocation:(3.494726,5.70239,-0.06494085):(1,0,0,0.4)
DeathLocation:(6.882329,4.21036,-0.06494085):(1,0,0,0.4)
DeathLocation:(2.468817,0.9776484,-0.06494085):(1,0,0,0.4)
DeathLocation:(6.162611,4.210356,-0.06494085):(1,0,0,0.4)
DeathLocation:(8.422913,4.190594,-0.06494085):(1,0,0,0.4)
DeathLocation:(5.679991,4.190586,-0.06494085):(1,0,0,0.4)
DeathLocation:(6.022539,4.190586,-0.06494085):(1,0,0,0.4)
DeathLocation:(5.855199,4.190585,-0.06494085):(1,0,0,0.4)
DeathLocation:(7.284138,7.456614,-0.06494085):(1,0,0,0.4)
DeathLocation:(7.067427,6.951861,-0.06494085):(1,0,0,0.4)
DeathLocation:(7.789845,6.951862,-0.06494085):(1,0,0,0.4)
DeathLocation:(7.93294,5.992475,-0.06494085):(1,0,0,0.4)
DeathLocation:(8.411608,4.210371,-0.06494085):(1,0,0,0.4)
DeathLocation:(15.18037,0.90755,-0.06494085):(1,0,0,0.4)
DeathLocation:(22.20912,0.6185657,-0.06494085):(1,0,0,0.4)
DeathLocation:(23.34845,0.3945878,-0.06494085):(1,0,0,0.4)
DeathLocation:(15.97309,1.013409,-0.06494085):(1,0,0,0.4)
DeathLocation:(14.70734,0.9075509,-0.06494085):(1,0,0,0.4)
DeathLocation:(23.17845,0.533106,-0.06494085):(1,0,0,0.4)
DeathLocation:(22.28626,0.4676623,-0.06494085):(1,0,0,0.4)
DeathLocation:(13.62097,13.17037,-0.06494085):(1,0,0,0.4)
DeathLocation:(22.33768,0.6233717,-0.06494085):(1,0,0,0.4)
DeathLocation:(13.11081,13.17037,-0.06494085):(1,0,0,0.4)
DeathLocation:(15.46535,1.048256,-0.06494085):(1,0,0,0.4)
DeathLocation:(11.12922,13.15062,-0.06494085):(1,0,0,0.4)
DeathLocation:(30.03878,1.650362,-0.06494085):(1,0,0,0.4)
DeathLocation:(7.729263,8.345493,-0.06494085):(1,0,0,0.4)
DeathLocation:(7.913455,7.640927,-0.06494085):(1,0,0,0.4)
DeathLocation:(43.56435,1.077647,-0.06494085):(1,0,0,0.4)
DeathLocation:(42.99398,1.120259,-0.06494085):(1,0,0,0.4)
DeathLocation:(40.46266,1.031171,-0.06494085):(1,0,0,0.4)
DeathLocation:(41.66269,1.029434,-0.06494085):(1,0,0,0.4)
DeathLocation:(40.76266,1.031171,-0.06494085):(1,0,0,0.4)
DeathLocation:(42.20983,1.065017,-0.06494085):(1,0,0,0.4)
DeathLocation:(42.49493,1.124504,-0.06494085):(1,0,0,0.4)
DeathLocation:(41.60185,1.101284,-0.06494085):(1,0,0,0.4)
DeathLocation:(41.7613,0.9685935,-0.06494085):(1,0,0,0.4)
DeathLocation:(41.93007,1.124644,-0.06494085):(1,0,0,0.4)
DeathLocation:(41.74171,1.073643,-0.06494085):(1,0,0,0.4)
DeathLocation:(41.67637,1.121899,-0.06494085):(1,0,0,0.4)
DeathLocation:(41.17878,1.08351,-0.06494085):(1,0,0,0.4)
DeathLocation:(41.78269,1.031171,-0.06494085):(1,0,0,0.4)
DeathLocation:(41.54399,1.101505,-0.06494085):(1,0,0,0.4)
DeathLocation:(41.54268,1.027002,-0.06494085):(1,0,0,0.4)
DeathLocation:(41.30268,0.9983652,-0.06494085):(1,0,0,0.4)
DeathLocation:(42.24082,1.030825,-0.06494085):(1,0,0,0.4)
DeathLocation:(41.48268,0.9758462,-0.06494085):(1,0,0,0.4)
DeathLocation:(12.32458,13.87894,-0.06494085):(1,0,0,0.4)
DeathLocation:(22.54598,1.005314,-0.06494085):(1,0,0,0.4)
DeathLocation:(38.63198,1.033012,-0.06494085):(1,0,0,0.4)
DeathLocation:(42.56825,1.096442,-0.06494085):(1,0,0,0.4)
DeathLocation:(4.856369,4.190586,-0.06494085):(1,0,0,0.4)
DeathLocation:(13.56387,0.9991978,-0.06494085):(1,0,0,0.4)
DeathLocation:(6.982704,4.190593,-0.06494085):(1,0,0,0.4)
DeathLocation:(8.438835,4.190591,-0.06494085):(1,0,0,0.4)
DeathLocation:(4.490509,4.19058,-0.06494085):(1,0,0,0.4)
DeathLocation:(4.829988,4.190582,-0.06494085):(1,0,0,0.4)
DeathLocation:(5.03724,4.210352,-0.06494085):(1,0,0,0.4)
StaminaLocation:(44.71916,5.470571,-0.06494085):(0,0,1,0.4)
StaminaLocation:(34.66678,5.470585,-0.06494085):(0,0,1,0.4)
StaminaLocation:(46.09896,5.472866,-0.06494085):(0,0,1,0.4)
StaminaLocation:(48.27694,5.472878,-0.06494085):(0,0,1,0.4)
StaminaLocation:(44.69855,5.470556,-0.06494085):(0,0,1,0.4)
StaminaLocation:(19.65418,2.910576,-0.06494085):(0,0,1,0.4)
StaminaLocation:(6.282034,4.190594,-0.06494085):(0,0,1,0.4)
StaminaLocation:(2.634708,9.306352,-0.06494085):(0,0,1,0.4)
StaminaLocation:(6.654741,9.310589,-0.06494085):(0,0,1,0.4)
StaminaLocation:(12.77852,15.55668,-0.06494085):(0,0,1,0.4)
StaminaLocation:(44.92097,5.470572,-0.06494085):(0,0,1,0.4)
StaminaLocation:(35.45123,5.474124,-0.06494085):(0,0,1,0.4)
StaminaLocation:(44.80083,5.470571,-0.06494085):(0,0,1,0.4)
StaminaLocation:(17.15567,2.910576,-0.06494085):(0,0,1,0.4)
StaminaLocation:(5.891829,4.190583,-0.06494085):(0,0,1,0.4)
StaminaLocation:(45.53098,5.47048,-0.06494085):(0,0,1,0.4)
DeathLocation:(21.96387,1.01082,-0.06494085):(1,0,0,0.4)
StaminaLocation:(45.45366,5.47055,-0.06494085):(0,0,1,0.4)
StaminaLocation:(39.36051,4.597383,-0.06494085):(0,0,1,0.4)
DeathLocation:(37.12051,1.033256,-0.06494085):(1,0,0,0.4)
StaminaLocation:(46.46,5.470531,-0.06494085):(0,0,1,0.4)
StaminaLocation:(35.1088,5.470591,-0.06494085):(0,0,1,0.4)
StaminaLocation:(45.8829,5.470546,-0.06494085):(0,0,1,0.4)
DeathLocation:(39.45999,1.03333,-0.06494085):(1,0,0,0.4)
StaminaLocation:(47.48154,5.470583,-0.06494085):(0,0,1,0.4)
StaminaLocation:(45.82095,5.470578,-0.06494085):(0,0,1,0.4)
DeathLocation:(42.65335,1.0332,-0.06494085):(1,0,0,0.4)
StaminaLocation:(46.17753,5.470577,-0.06494085):(0,0,1,0.4)
StaminaLocation:(45.52836,5.47054,-0.06494085):(0,0,1,0.4)
DeathLocation:(37.63866,1.150032,-0.06494085):(1,0,0,0.4)
StaminaLocation:(44.58648,5.47035,-0.06494085):(0,0,1,0.4)
DeathLocation:(38.17327,1.021306,-0.06494085):(1,0,0,0.4)
StaminaLocation:(46.37013,5.470572,-0.06494085):(0,0,1,0.4)
StaminaLocation:(45.34814,5.470469,-0.06494085):(0,0,1,0.4)
StaminaLocation:(45.02183,5.470499,-0.06494085):(0,0,1,0.4)
StaminaLocation:(19.12426,2.910676,-0.06494085):(0,0,1,0.4)
DeathLocation:(4.643651,4.210351,-0.06494085):(1,0,0,0.4)
StaminaLocation:(45.07094,5.470356,-0.06494085):(0,0,1,0.4)
StaminaLocation:(16.68658,2.911103,-0.06494085):(0,0,1,0.4)
StaminaLocation:(45.18211,5.470518,-0.06494085):(0,0,1,0.4)
StaminaLocation:(20.20994,2.910579,-0.06494085):(0,0,1,0.4)
StaminaLocation:(0.09994026,10.59059,-0.06494085):(0,0,1,0.4)
StaminaLocation:(-0.2916274,10.59167,-0.06494085):(0,0,1,0.4)
StaminaLocation:(13.00134,15.75561,-0.06494085):(0,0,1,0.4)
StaminaLocation:(7.33929,13.15061,-0.06494085):(0,0,1,0.4)
StaminaLocation:(45.78188,5.470388,-0.06494085):(0,0,1,0.4)
StaminaLocation:(19.1805,2.910574,-0.06494085):(0,0,1,0.4)
DeathLocation:(7.793085,4.210363,-0.06494085):(1,0,0,0.4)
StaminaLocation:(45.57022,5.47035,-0.06494085):(0,0,1,0.4)
DeathLocation:(16.14257,1.098243,-0.06494085):(1,0,0,0.4)
StaminaLocation:(43.26959,5.77159,-0.06494085):(0,0,1,0.4)
DeathLocation:(21.95558,1.014956,-0.06494085):(1,0,0,0.4)
StaminaLocation:(44.92481,5.470507,-0.06494085):(0,0,1,0.4)
DeathLocation:(21.96764,1.004722,-0.06494085):(1,0,0,0.4)
StaminaLocation:(45.8454,5.470524,-0.06494085):(0,0,1,0.4)
StaminaLocation:(17.66804,2.910569,-0.06494085):(0,0,1,0.4)
DeathLocation:(14.29609,0.9075509,-0.06494085):(1,0,0,0.4)
StaminaLocation:(44.50063,5.47206,-0.06494085):(0,0,1,0.4)
StaminaLocation:(20.1986,2.91057,-0.06494085):(0,0,1,0.4)
StaminaLocation:(16.36949,2.910753,-0.06494085):(0,0,1,0.4)
StaminaLocation:(8.378972,13.22334,-0.06494085):(0,0,1,0.4)
DeathLocation:(0,0,0):(1,0,0,0.4)
DeathLocation:(0,0,0):(1,0,0,0.4)
DeathLocation:(0,0,0):(1,0,0,0.4)
DeathLocation:(0,0,0):(1,0,0,0.4)
DeathLocation:(0,0,0):(1,0,0,0.4)
DeathLocation:(0,0,0):(1,0,0,0.4)
DeathLocation:(0,0,0):(1,0,0,0.4)
DeathLocation:(0,0,0):(1,0,0,0.4)
DeathLocation:(0,0,0):(1,0,0,0.4)
DeathLocation:(0,0,0):(1,0,0,0.4)
DeathLocation:(0,0,0):(1,0,0,0.4)
DeathLocation:(0,0,0):(1,0,0,0.4)
DeathLocation:(0,0,0):(1,0,0,0.4)
DeathLocation:(0,0,0):(1,0,0,0.4)
DeathLocation:(0,0,0):(1,0,0,0.4)
DeathLocation:(0,0,0):(1,0,0,0.4)
DeathLocation:(0,0,0):(1,0,0,0.4)
DeathLocation:(0,0,0):(1,0,0,0.4)
DeathLocation:(0,0,0):(1,0,0,0.4)
DeathLocation:(0,0,0):(1,0,0,0.4)
DeathLocation:(0,0,0):(1,0,0,0.4)
DeathLocation:(0,0,0):(1,0,0,0.4)
DeathLocation:(0,0,0):(1,0,0,0.4)
DeathLocation:(0,0,0):(1,0,0,0.4)
DeathLocation:(0,0,0):(1,0,0,0.4)
DeathLocation:(0,0,0):(1,0,0,0.4)
DeathLocation:(0,0,0):(1,0,0,0.4)
DeathLocation:(0,0,0):(1,0,0,0.4)
DeathLocation:(0,0,0):(1,0,0,0.4)
DeathLocation:(43.61148,0.3703542,-0.06494085):(1,0,0,0.4)
DeathLocation:(47.85,6.838285,-0.06494085):(1,0,0,0.4)
DeathLocation:(47.85,6.84,-0.06494085):(1,0,0,0.4)
DeathLocation:(47.85,6.84,-0.06494085):(1,0,0,0.4)
DeathLocation:(47.85,6.84,-0.06494085):(1,0,0,0.4)
DeathLocation:(29.17414,1.630581,-0.06494085):(1,0,0,0.4)
DeathLocation:(47.85,6.838142,-0.06494085):(1,0,0,0.4)
DeathLocation:(47.85,6.84,-0.06494085):(1,0,0,0.4)
DeathLocation:(15.80888,0.3703694,-0.06494085):(1,0,0,0.4)
DeathLocation:(47.85,6.84,-0.06494085):(1,0,0,0.4)
DeathLocation:(47.85,6.822003,-0.06494085):(1,0,0,0.4)
DeathLocation:(47.85,6.84,-0.06494085):(1,0,0,0.4)
DeathLocation:(8.958401,0.3703583,-0.06494085):(1,0,0,0.4)
DeathLocation:(47.85,6.84,-0.06494085):(1,0,0,0.4)
DeathLocation:(47.85,6.819125,-0.06494085):(1,0,0,0.4)
DeathLocation:(47.85,6.84,-0.06494085):(1,0,0,0.4)
FiredRedBullet:(34.21103,5.508344,-0.06494085):(1,0,0,0.4)
FiredRedBullet:(34.21103,5.508344,-0.06494085):(1,0,0,0.4)
FiredRedBullet:(34.21103,5.508344,-0.06494085):(1,0,0,0.4)
FiredRedBullet:(34.21103,5.508344,-0.06494085):(1,0,0,0.4)
FiredRedBullet:(14.06034,13.18836,-0.06494085):(1,0,0,0.4)
FiredRedBullet:(14.06034,13.18836,-0.06494085):(1,0,0,0.4)
FiredRedBullet:(14.06034,13.18836,-0.06494085):(1,0,0,0.4)
FiredRedBullet:(14.06034,13.18836,-0.06494085):(1,0,0,0.4)
FiredRedBullet:(48.27,5.508358,-0.06494085):(1,0,0,0.4)
FiredRedBullet:(48.27,5.508358,-0.06494085):(1,0,0,0.4)
FiredRedBullet:(48.27,5.508357,-0.06494085):(1,0,0,0.4)
TotalDeaths:(0,0,0):(0,1,0,0.4)
TotalDeaths:(0,0,0):(0,1,0,0.4)
TotalDeaths:(0,0,0):(0,1,0,0.4)
TotalDeaths:(0,0,0):(0,1,0,0.4)
TotalDeaths:(0,0,0):(0,1,0,0.4)
TotalDeaths:(0,0,0):(0,1,0,0.4)
FiredRedBullet:(13.19088,13.18836,-0.06494085):(1,0,0,0.4)
FiredRedBullet:(13.19088,13.18836,-0.06494085):(1,0,0,0.4)
FiredRedBullet:(13.19088,13.18836,-0.06494085):(1,0,0,0.4)
FiredRedBullet:(9.035652,13.1923,-0.06494085):(1,0,0,0.4)
FiredRedBullet:(48.04218,5.490361,-0.06494085):(1,0,0,0.4)
FiredRedBullet:(19.9448,2.930359,-0.06494085):(1,0,0,0.4)
FiredRedBullet:(10.53551,13.17037,-0.06494085):(1,0,0,0.4)
FiredRedBullet:(10.53551,13.17037,-0.06494085):(1,0,0,0.4)
FiredRedBullet:(13.61678,13.17037,-0.06494085):(1,0,0,0.4)
FiredRedBullet:(13.61678,13.17037,-0.06494085):(1,0,0,0.4)
FiredRedBullet:(13.61678,13.17037,-0.06494085):(1,0,0,0.4)
FiredRedBullet:(13.63556,13.17037,-0.06494085):(1,0,0,0.4)
FiredRedBullet:(13.44846,13.17037,-0.06494085):(1,0,0,0.4)
FiredRedBullet:(0.7152219,10.61037,-0.06494085):(1,0,0,0.4)
FiredRedBullet:(13.62865,13.17037,-0.06494085):(1,0,0,0.4)
FiredRedBullet:(13.62865,13.17037,-0.06494085):(1,0,0,0.4)
FiredRedBullet:(0.4868675,10.61036,-0.06494085):(1,0,0,0.4)
FiredRedBullet:(13.7478,13.17037,-0.06494085):(1,0,0,0.4)
FiredRedBullet:(13.49832,13.17037,-0.06494085):(1,0,0,0.4)
FiredRedBullet:(13.49832,13.17037,-0.06494085):(1,0,0,0.4)
FiredRedBullet:(13.80924,13.17036,-0.06494085):(1,0,0,0.4)
FiredRedBullet:(13.80924,13.17037,-0.06494085):(1,0,0,0.4)
FiredRedBullet:(13.80924,13.17037,-0.06494085):(1,0,0,0.4)
FiredRedBullet:(19.5668,2.930359,-0.06494085):(1,0,0,0.4)
FiredRedBullet:(0.8707649,10.60986,-0.06494085):(1,0,0,0.4)
FiredRedBullet:(19.67633,2.93036,-0.06494085):(1,0,0,0.4)
FiredRedBullet:(20.09977,2.930362,-0.06494085):(1,0,0,0.4)
FiredRedBullet:(48.27,5.490365,-0.06494085):(1,0,0,0.4)
FiredRedBullet:(0.8425803,10.61037,-0.06494085):(1,0,0,0.4)
FiredRedBullet:(13.82012,13.17037,-0.06494085):(1,0,0,0.4)
FiredRedBullet:(13.79168,13.17037,-0.06494085):(1,0,0,0.4)
FiredRedBullet:(0.6531796,10.61036,-0.06494085):(1,0,0,0.4)
FiredRedBullet:(13.8342,13.17037,-0.06494085):(1,0,0,0.4)
FiredRedBullet:(13.8342,13.17037,-0.06494085):(1,0,0,0.4)
FiredRedBullet:(0.7380142,10.61037,-0.06494085):(1,0,0,0.4)
FiredRedBullet:(3.062156,4.210348,-0.06494085):(1,0,0,0.4)
FiredRedBullet:(2.772065,4.210346,-0.06494085):(1,0,0,0.4)
FiredRedBullet:(3.351795,4.210351,-0.06494085):(1,0,0,0.4)
FiredRedBullet:(3.053977,4.210348,-0.06494085):(1,0,0,0.4)
FiredRedBullet:(2.679768,4.210345,-0.06494085):(1,0,0,0.4)
FiredRedBullet:(2.679768,4.210345,-0.06494085):(1,0,0,0.4)
FiredRedBullet:(2.094555,4.210347,-0.06494085):(1,0,0,0.4)
FiredRedBullet:(1.800349,4.210345,-0.06494085):(1,0,0,0.4)
FiredRedBullet:(1.435874,4.210343,-0.06494085):(1,0,0,0.4)
FiredRedBullet:(1.382022,4.210343,-0.06494085):(1,0,0,0.4)
FiredRedBullet:(1.239036,4.210343,-0.06494085):(1,0,0,0.4)
FiredRedBullet:(1.239036,5.32747,-0.06494085):(1,0,0,0.4)
FiredRedBullet:(-3.116128,5.037095,-0.06494085):(1,0,0,0.4)
FiredRedBullet:(-2.36331,5.010981,-0.06494085):(1,0,0,0.4)
FiredRedBullet:(-1.662735,6.449833,-0.06494085):(1,0,0,0.4)
FiredRedBullet:(0.7826642,5.205268,-0.06494085):(1,0,0,0.4)
FiredRedBullet:(1.629259,4.210344,-0.06494085):(1,0,0,0.4)
FiredRedBullet:(1.629259,4.210344,-0.06494085):(1,0,0,0.4)
FiredRedBullet:(1.629259,5.455378,-0.06494085):(1,0,0,0.4)
FiredRedBullet:(2.761875,5.127325,-0.06494085):(1,0,0,0.4)
FiredRedBullet:(2.206221,4.210348,-0.06494085):(1,0,0,0.4)
FiredRedBullet:(2.069066,4.210347,-0.06494085):(1,0,0,0.4)
FiredRedBullet:(1.651215,4.210344,-0.06494085):(1,0,0,0.4)
FiredRedBullet:(2.088797,4.210347,-0.06494085):(1,0,0,0.4)
FiredRedBullet:(1.781126,4.210345,-0.06494085):(1,0,0,0.4)
FiredRedBullet:(1.781126,4.210345,-0.06494085):(1,0,0,0.4)
FiredRedBullet:(1.781126,4.210345,-0.06494085):(1,0,0,0.4)
FiredRedBullet:(1.781126,5.22553,-0.06494085):(1,0,0,0.4)
FiredRedBullet:(1.781126,5.334058,-0.06494085):(1,0,0,0.4)
FiredRedBullet:(1.781126,4.210345,-0.06494085):(1,0,0,0.4)
FiredRedBullet:(1.781126,4.210345,-0.06494085):(1,0,0,0.4)
FiredRedBullet:(1.781126,4.210345,-0.06494085):(1,0,0,0.4)
FiredRedBullet:(1.781126,4.210345,-0.06494085):(1,0,0,0.4)
FiredRedBullet:(3.36622,4.21035,-0.06494085):(1,0,0,0.4)
FiredRedBullet:(2.925486,4.210347,-0.06494085):(1,0,0,0.4)
FiredRedBullet:(2.925486,4.210347,-0.06494085):(1,0,0,0.4)
FiredRedBullet:(2.925486,4.210347,-0.06494085):(1,0,0,0.4)
FiredRedBullet:(2.925486,4.210347,-0.06494085):(1,0,0,0.4)
FiredRedBullet:(2.925486,4.210347,-0.06494085):(1,0,0,0.4)
FiredRedBullet:(3.292192,4.21035,-0.06494085):(1,0,0,0.4)
FiredRedBullet:(2.97539,4.210347,-0.06494085):(1,0,0,0.4)
FiredRedBullet:(2.97539,4.210347,-0.06494085):(1,0,0,0.4)
FiredRedBullet:(2.97539,4.210347,-0.06494085):(1,0,0,0.4)
FiredRedBullet:(2.97539,4.210347,-0.06494085):(1,0,0,0.4)
FiredRedBullet:(2.97539,4.210347,-0.06494085):(1,0,0,0.4)
FiredRedBullet:(2.97539,4.210347,-0.06494085):(1,0,0,0.4)
FiredRedBullet:(3.215664,4.210349,-0.06494085):(1,0,0,0.4)
FiredRedBullet:(2.820199,4.210346,-0.06494085):(1,0,0,0.4)
FiredRedBullet:(2.820199,4.210346,-0.06494085):(1,0,0,0.4)
FiredRedBullet:(2.820199,4.210346,-0.06494085):(1,0,0,0.4)
FiredRedBullet:(2.820199,4.210346,-0.06494085):(1,0,0,0.4)
FiredRedBullet:(2.820199,4.210346,-0.06494085):(1,0,0,0.4)
FiredRedBullet:(2.820199,4.210346,-0.06494085):(1,0,0,0.4)
FiredRedBullet:(2.820199,5.629685,-0.06494085):(1,0,0,0.4)
FiredRedBullet:(2.820199,4.210339,-0.06494085):(1,0,0,0.4)
FiredRedBullet:(2.820199,5.190558,-0.06494085):(1,0,0,0.4)
FiredRedBullet:(2.820199,5.141283,-0.06494085):(1,0,0,0.4)
FiredRedBullet:(2.820199,5.549958,-0.06494085):(1,0,0,0.4)
FiredRedBullet:(2.820199,5.18113,-0.06494085):(1,0,0,0.4)
FiredRedBullet:(2.820199,5.471684,-0.06494085):(1,0,0,0.4)
FiredRedBullet:(2.820199,5.019447,-0.06494085):(1,0,0,0.4)
FiredRedBullet:(2.820199,5.010219,-0.06494085):(1,0,0,0.4)
FiredRedBullet:(2.820199,5.286424,-0.06494085):(1,0,0,0.4)
FiredRedBullet:(2.820199,5.153191,-0.06494085):(1,0,0,0.4)
FiredRedBullet:(2.332524,4.210341,-0.06494085):(1,0,0,0.4)
FiredRedBullet:(2.903979,4.210346,-0.06494085):(1,0,0,0.4)
FiredRedBullet:(3.825052,4.210353,-0.06494085):(1,0,0,0.4)
FiredRedBullet:(3.359163,4.21035,-0.06494085):(1,0,0,0.4)
FiredRedBullet:(3.143303,5.584721,-0.06494085):(1,0,0,0.4)
FiredRedBullet:(3.143303,4.210344,-0.06494085):(1,0,0,0.4)
FiredRedBullet:(3.143303,5.132261,-0.06494085):(1,0,0,0.4)
FiredRedBullet:(3.143303,5.236394,-0.06494085):(1,0,0,0.4)
FiredRedBullet:(2.565648,4.210343,-0.06494085):(1,0,0,0.4)
FiredRedBullet:(2.565649,4.210343,-0.06494085):(1,0,0,0.4)
FiredRedBullet:(2.565649,4.210343,-0.06494085):(1,0,0,0.4)
FiredRedBullet:(2.565649,4.210343,-0.06494085):(1,0,0,0.4)
FiredRedBullet:(3.246478,4.210348,-0.06494085):(1,0,0,0.4)
FiredRedBullet:(3.246478,4.210349,-0.06494085):(1,0,0,0.4)
FiredRedBullet:(2.685165,5.087265,-0.06494085):(1,0,0,0.4)
FiredRedBullet:(2.685165,5.540851,-0.06494085):(1,0,0,0.4)
FiredRedBullet:(2.685165,4.210342,-0.06494085):(1,0,0,0.4)
FiredRedBullet:(2.699647,4.210345,-0.06494085):(1,0,0,0.4)
FiredRedBullet:(2.699647,5.007832,-0.06494085):(1,0,0,0.4)
FiredRedBullet:(2.699647,5.546308,-0.06494085):(1,0,0,0.4)
FiredRedBullet:(2.699647,4.210344,-0.06494085):(1,0,0,0.4)
FiredRedBullet:(2.699647,5.552977,-0.06494085):(1,0,0,0.4)
FiredRedBullet:(2.699647,5.669422,-0.06494085):(1,0,0,0.4)
FiredRedBullet:(2.699647,4.210323,-0.06494085):(1,0,0,0.4)
FiredRedBullet:(2.699647,5.14854,-0.06494085):(1,0,0,0.4)
FiredRedBullet:(3.402048,4.759663,-0.06494085):(1,0,0,0.4)
FiredRedBullet:(3.082368,5.486308,-0.06494085):(1,0,0,0.4)
FiredRedBullet:(3.082368,4.585971,-0.06494085):(1,0,0,0.4)
FiredRedBullet:(3.082368,5.653815,-0.06494085):(1,0,0,0.4)
FiredRedBullet:(3.082368,5.261918,-0.06494085):(1,0,0,0.4)
FiredRedBullet:(3.082368,5.356589,-0.06494085):(1,0,0,0.4)
FiredRedBullet:(3.082368,5.421312,-0.06494085):(1,0,0,0.4)
FiredRedBullet:(3.082368,5.638309,-0.06494085):(1,0,0,0.4)
FiredRedBullet:(3.888145,5.234362,-0.06494085):(1,0,0,0.4)
FiredRedBullet:(2.789583,4.210341,-0.06494085):(1,0,0,0.4)
FiredRedBullet:(2.6204,4.210344,-0.06494085):(1,0,0,0.4)
FiredRedBullet:(2.6204,4.210344,-0.06494085):(1,0,0,0.4)
FiredRedBullet:(2.6204,4.894726,-0.06494085):(1,0,0,0.4)
FiredRedBullet:(2.6204,5.61659,-0.06494085):(1,0,0,0.4)
FiredRedBullet:(2.6204,4.210344,-0.06494085):(1,0,0,0.4)
FiredRedBullet:(4.159871,4.210356,-0.06494085):(1,0,0,0.4)
FiredRedBullet:(4.159871,5.636457,-0.06494085):(1,0,0,0.4)
FiredRedBullet:(4.159871,5.265441,-0.06494085):(1,0,0,0.4)
FiredRedBullet:(4.159871,5.209666,-0.06494085):(1,0,0,0.4)
FiredRedBullet:(4.159871,5.55128,-0.06494085):(1,0,0,0.4)
FiredRedBullet:(4.106911,4.210356,-0.06494085):(1,0,0,0.4)
FiredRedBullet:(4.106911,5.561433,-0.06494085):(1,0,0,0.4)
FiredRedBullet:(4.106911,5.53512,-0.06494085):(1,0,0,0.4)
FiredRedBullet:(3.134655,5.490363,-0.06494085):(1,0,0,0.4)
FiredRedBullet:(3.134655,5.490363,-0.06494085):(1,0,0,0.4)
FiredRedBullet:(3.134655,5.490363,-0.06494085):(1,0,0,0.4)
FiredRedBullet:(3.134655,5.490363,-0.06494085):(1,0,0,0.4)
FiredRedBullet:(3.206055,5.490338,-0.06494085):(1,0,0,0.4)
FiredRedBullet:(3.206055,5.490365,-0.06494085):(1,0,0,0.4)
FiredRedBullet:(3.206055,5.490365,-0.06494085):(1,0,0,0.4)
FiredRedBullet:(3.22047,5.490365,-0.06494085):(1,0,0,0.4)
FiredRedBullet:(3.715336,5.490376,-0.06494085):(1,0,0,0.4)
FiredRedBullet:(3.167028,5.490371,-0.06494085):(1,0,0,0.4)
FiredRedBullet:(4.278275,4.210351,-0.06494085):(1,0,0,0.4)
FiredRedBullet:(4.278275,4.210351,-0.06494085):(1,0,0,0.4)
FiredRedBullet:(4.278275,4.210351,-0.06494085):(1,0,0,0.4)
FiredRedBullet:(4.278275,4.210351,-0.06494085):(1,0,0,0.4)
FiredRedBullet:(4.278275,4.210351,-0.06494085):(1,0,0,0.4)
FiredRedBullet:(4.278275,4.210351,-0.06494085):(1,0,0,0.4)
FiredRedBullet:(4.278275,4.210351,-0.06494085):(1,0,0,0.4)
FiredRedBullet:(4.278275,4.210351,-0.06494085):(1,0,0,0.4)
FiredRedBullet:(4.04458,4.210348,-0.06494085):(1,0,0,0.4)
FiredRedBullet:(4.04458,4.210348,-0.06494085):(1,0,0,0.4)
FiredRedBullet:(3.986112,4.210348,-0.06494085):(1,0,0,0.4)
FiredRedBullet:(3.986112,4.210348,-0.06494085):(1,0,0,0.4)
FiredRedBullet:(3.986112,4.210348,-0.06494085):(1,0,0,0.4)
FiredRedBullet:(3.986112,4.210348,-0.06494085):(1,0,0,0.4)
FiredRedBullet:(3.986112,4.210348,-0.06494085):(1,0,0,0.4)
FiredRedBullet:(4.109856,4.210349,-0.06494085):(1,0,0,0.4)
FiredRedBullet:(4.109856,4.210349,-0.06494085):(1,0,0,0.4)
FiredRedBullet:(4.109856,4.210349,-0.06494085):(1,0,0,0.4)
FiredRedBullet:(3.97451,4.210347,-0.06494085):(1,0,0,0.4)
FiredRedBullet:(3.97451,4.210347,-0.06494085):(1,0,0,0.4)
FiredRedBullet:(3.97451,4.210347,-0.06494085):(1,0,0,0.4)
FiredRedBullet:(4.429961,4.210353,-0.06494085):(1,0,0,0.4)
FiredRedBullet:(4.429961,4.210353,-0.06494085):(1,0,0,0.4)
FiredRedBullet:(4.429961,4.210353,-0.06494085):(1,0,0,0.4)
FiredRedBullet:(4.804862,4.210357,-0.06494085):(1,0,0,0.4)
FiredRedBullet:(4.56184,4.210354,-0.06494085):(1,0,0,0.4)
FiredRedBullet:(4.56184,4.210354,-0.06494085):(1,0,0,0.4)
FiredRedBullet:(3.719791,5.737161,-0.06494085):(1,0,0,0.4)
FiredRedBullet:(4.337246,4.210351,-0.06494085):(1,0,0,0.4)
FiredRedBullet:(4.337246,4.984222,-0.06494085):(1,0,0,0.4)
FiredRedBullet:(4.311538,4.210351,-0.06494085):(1,0,0,0.4)
FiredRedBullet:(3.99472,4.210348,-0.06494085):(1,0,0,0.4)
FiredRedBullet:(4.147341,4.210349,-0.06494085):(1,0,0,0.4)
FiredRedBullet:(4.147341,4.210349,-0.06494085):(1,0,0,0.4)
FiredRedBullet:(18.87099,2.930355,-0.06494085):(1,0,0,0.4)
FiredRedBullet:(19.28508,2.930357,-0.06494085):(1,0,0,0.4)
FiredRedBullet:(4.565228,4.210354,-0.06494085):(1,0,0,0.4)
FiredRedBullet:(13.74849,13.17037,-0.06494085):(1,0,0,0.4)
FiredRedBullet:(4.103614,4.210349,-0.06494085):(1,0,0,0.4)
FiredRedBullet:(13.90557,13.17037,-0.06494085):(1,0,0,0.4)
FiredRedBullet:(13.62061,13.98806,-0.06494085):(1,0,0,0.4)
FiredRedBullet:(4.820051,4.210357,-0.06494085):(1,0,0,0.4)
FiredRedBullet:(4.820051,4.210357,-0.06494085):(1,0,0,0.4)
FiredRedBullet:(16.02498,10.61034,-0.06494085):(1,0,0,0.4)
FiredRedBullet:(16.02498,10.61034,-0.06494085):(1,0,0,0.4)
FiredRedBullet:(16.02498,10.61034,-0.06494085):(1,0,0,0.4)
FiredRedBullet:(16.02498,10.61034,-0.06494085):(1,0,0,0.4)
FiredRedBullet:(16.02498,10.61034,-0.06494085):(1,0,0,0.4)
FiredRedBullet:(16.02498,10.61034,-0.06494085):(1,0,0,0.4)
FiredRedBullet:(16.02498,10.61034,-0.06494085):(1,0,0,0.4)
FiredRedBullet:(16.02498,10.61034,-0.06494085):(1,0,0,0.4)
FiredRedBullet:(4.741933,5.657236,-0.06494085):(1,0,0,0.4)
FiredRedBullet:(4.741933,5.13991,-0.06494085):(1,0,0,0.4)
FiredRedBullet:(12.96445,9.330364,-0.06494085):(1,0,0,0.4)
FiredRedBullet:(15.83802,10.61033,-0.06494085):(1,0,0,0.4)
FiredRedBullet:(47.78,5.490464,-0.06494085):(1,0,0,0.4)
FiredRedBullet:(3.809733,4.210345,-0.06494085):(1,0,0,0.4)
FiredRedBullet:(3.809733,4.210345,-0.06494085):(1,0,0,0.4)
FiredRedBullet:(3.809733,4.210345,-0.06494085):(1,0,0,0.4)
FiredRedBullet:(19.83472,2.930361,-0.06494085):(1,0,0,0.4)
FiredRedBullet:(3.960529,4.210347,-0.06494085):(1,0,0,0.4)
FiredRedBullet:(3.960529,4.210347,-0.06494085):(1,0,0,0.4)
FiredRedBullet:(3.960529,4.210347,-0.06494085):(1,0,0,0.4)
FiredRedBullet:(3.995113,4.210339,-0.06494085):(1,0,0,0.4)
FiredRedBullet:(3.644511,4.210343,-0.06494085):(1,0,0,0.4)
FiredRedBullet:(3.644511,4.210343,-0.06494085):(1,0,0,0.4)
FiredRedBullet:(3.644511,4.210343,-0.06494085):(1,0,0,0.4)
FiredRedBullet:(3.644511,4.210343,-0.06494085):(1,0,0,0.4)
FiredRedBullet:(3.481117,4.210341,-0.06494085):(1,0,0,0.4)
FiredRedBullet:(4.749275,4.210346,-0.06494085):(1,0,0,0.4)
FiredRedBullet:(4.566378,4.210354,-0.06494085):(1,0,0,0.4)
FiredRedBullet:(4.566378,4.210354,-0.06494085):(1,0,0,0.4)
FiredRedBullet:(4.087842,4.210349,-0.06494085):(1,0,0,0.4)
FiredRedBullet:(4.156204,4.21035,-0.06494085):(1,0,0,0.4)
FiredRedBullet:(4.156204,4.21035,-0.06494085):(1,0,0,0.4)
FiredRedBullet:(4.156204,4.21035,-0.06494085):(1,0,0,0.4)
FiredRedBullet:(3.071396,5.280375,-0.06494085):(1,0,0,0.4)
FiredRedBullet:(3.625751,4.21034,-0.06494085):(1,0,0,0.4)
FiredRedBullet:(3.922243,4.210347,-0.06494085):(1,0,0,0.4)
FiredRedBullet:(4.156204,4.21035,-0.06494085):(1,0,0,0.4)
FiredRedBullet:(4.156204,4.21035,-0.06494085):(1,0,0,0.4)
FiredRedBullet:(4.156204,4.21035,-0.06494085):(1,0,0,0.4)
FiredRedBullet:(4.156204,4.21035,-0.06494085):(1,0,0,0.4)
FiredRedBullet:(4.01948,4.210348,-0.06494085):(1,0,0,0.4)
FiredRedBullet:(4.01948,4.210348,-0.06494085):(1,0,0,0.4)
FiredRedBullet:(4.01948,4.210348,-0.06494085):(1,0,0,0.4)
FiredRedBullet:(4.292929,4.210351,-0.06494085):(1,0,0,0.4)
FiredRedBullet:(4.83982,4.210359,-0.06494085):(1,0,0,0.4)
FiredRedBullet:(4.566371,4.210355,-0.06494085):(1,0,0,0.4)
FiredRedBullet:(3.879225,4.210346,-0.06494085):(1,0,0,0.4)
FiredRedBullet:(3.859812,4.210346,-0.06494085):(1,0,0,0.4)
FiredRedBullet:(3.68911,4.21034,-0.06494085):(1,0,0,0.4)
FiredRedBullet:(3.261104,3.308837,-0.06494085):(1,0,0,0.4)
FiredRedBullet:(4.928507,4.210314,-0.06494085):(1,0,0,0.4)
FiredRedBullet:(4.703102,4.210356,-0.06494085):(1,0,0,0.4)
FiredRedBullet:(4.355729,4.210352,-0.06494085):(1,0,0,0.4)
FiredRedBullet:(4.156204,4.21035,-0.06494085):(1,0,0,0.4)
FiredRedBullet:(4.156204,4.21035,-0.06494085):(1,0,0,0.4)
FiredRedBullet:(4.156204,4.21035,-0.06494085):(1,0,0,0.4)
FiredRedBullet:(3.193668,6.153621,-0.06494085):(1,0,0,0.4)
FiredRedBullet:(3.969859,5.509268,-0.06494085):(1,0,0,0.4)
FiredRedBullet:(3.676254,5.103322,-0.06494085):(1,0,0,0.4)
FiredRedBullet:(4.268439,5.543578,-0.06494085):(1,0,0,0.4)
FiredRedBullet:(4.125805,5.262582,-0.06494085):(1,0,0,0.4)
FiredRedBullet:(4.292929,4.210351,-0.06494085):(1,0,0,0.4)
FiredRedBullet:(4.292929,4.210351,-0.06494085):(1,0,0,0.4)
FiredRedBullet:(3.89361,4.210346,-0.06494085):(1,0,0,0.4)
FiredRedBullet:(3.89361,4.210346,-0.06494085):(1,0,0,0.4)
FiredRedBullet:(4.63474,4.210355,-0.06494085):(1,0,0,0.4)
FiredRedBullet:(4.63474,4.210355,-0.06494085):(1,0,0,0.4)
FiredRedBullet:(4.292929,4.210351,-0.06494085):(1,0,0,0.4)
FiredRedBullet:(4.703102,4.210356,-0.06494085):(1,0,0,0.4)
FiredRedBullet:(4.224566,4.21035,-0.06494085):(1,0,0,0.4)
FiredRedBullet:(4.224566,4.21035,-0.06494085):(1,0,0,0.4)
FiredRedBullet:(4.46938,4.210354,-0.06494085):(1,0,0,0.4)
FiredRedBullet:(4.46938,4.210353,-0.06494085):(1,0,0,0.4)
FiredRedBullet:(4.46938,4.210353,-0.06494085):(1,0,0,0.4)
FiredRedBullet:(1.774464,4.721225,-0.06494085):(1,0,0,0.4)
FiredRedBullet:(2.318103,4.728088,-0.06494085):(1,0,0,0.4)
FiredRedBullet:(0.1058478,4.700233,-0.06494085):(1,0,0,0.4)
FiredRedBullet:(-1.110706,4.684911,-0.06494085):(1,0,0,0.4)
FiredRedBullet:(1.418916,4.716771,-0.06494085):(1,0,0,0.4)
FiredRedBullet:(3.892042,4.210346,-0.06494085):(1,0,0,0.4)
FiredRedBullet:(3.892042,4.210346,-0.06494085):(1,0,0,0.4)
FiredRedBullet:(4.498015,4.210353,-0.06494085):(1,0,0,0.4)
FiredRedBullet:(4.224566,4.21035,-0.06494085):(1,0,0,0.4)
FiredRedBullet:(4.224566,4.21035,-0.06494085):(1,0,0,0.4)
FiredRedBullet:(4.224566,4.21035,-0.06494085):(1,0,0,0.4)
FiredRedBullet:(3.951118,4.790355,-0.06494085):(1,0,0,0.4)
FiredRedBullet:(3.951118,4.210347,-0.06494085):(1,0,0,0.4)
FiredRedBullet:(11.00655,4.210351,-0.06494085):(1,0,0,0.4)
FiredRedBullet:(11.00655,4.210351,-0.06494085):(1,0,0,0.4)
FiredRedBullet:(11.00655,4.210351,-0.06494085):(1,0,0,0.4)
FiredRedBullet:(11.00655,4.210351,-0.06494085):(1,0,0,0.4)
FiredRedBullet:(10.86983,4.210347,-0.06494085):(1,0,0,0.4)
FiredRedBullet:(10.93819,4.21035,-0.06494085):(1,0,0,0.4)
FiredRedBullet:(11.07491,4.210352,-0.06494085):(1,0,0,0.4)
FiredRedBullet:(11.07491,4.210352,-0.06494085):(1,0,0,0.4)
FiredRedBullet:(11.07491,4.210352,-0.06494085):(1,0,0,0.4)
FiredRedBullet:(11.00655,4.21035,-0.06494085):(1,0,0,0.4)
FiredRedBullet:(11.00655,4.21035,-0.06494085):(1,0,0,0.4)
FiredRedBullet:(11.00655,4.21035,-0.06494085):(1,0,0,0.4)
FiredRedBullet:(10.93819,4.210349,-0.06494085):(1,0,0,0.4)
FiredRedBullet:(10.93819,4.210349,-0.06494085):(1,0,0,0.4)
FiredRedBullet:(10.93819,4.210349,-0.06494085):(1,0,0,0.4)
FiredRedBullet:(11.00655,4.21035,-0.06494085):(1,0,0,0.4)
FiredRedBullet:(11.00655,4.21035,-0.06494085):(1,0,0,0.4)
FiredRedBullet:(11.00655,4.21035,-0.06494085):(1,0,0,0.4)
FiredRedBullet:(10.93819,4.210349,-0.06494085):(1,0,0,0.4)
FiredRedBullet:(10.93819,4.210349,-0.06494085):(1,0,0,0.4)
FiredRedBullet:(10.96214,4.21035,-0.06494085):(1,0,0,0.4)
FiredRedBullet:(10.7331,4.21035,-0.06494085):(1,0,0,0.4)
FiredRedBullet:(11.07491,4.210352,-0.06494085):(1,0,0,0.4)
FiredRedBullet:(11.21163,4.210356,-0.06494085):(1,0,0,0.4)
FiredRedBullet:(11.14327,4.210354,-0.06494085):(1,0,0,0.4)
FiredRedBullet:(11.14327,4.210354,-0.06494085):(1,0,0,0.4)
FiredRedBullet:(11.00655,4.21035,-0.06494085):(1,0,0,0.4)
FiredRedBullet:(11.00655,4.21035,-0.06494085):(1,0,0,0.4)
FiredRedBullet:(11.00655,4.210351,-0.06494085):(1,0,0,0.4)
FiredRedBullet:(10.93819,4.210349,-0.06494085):(1,0,0,0.4)
FiredRedBullet:(11.00655,4.210351,-0.06494085):(1,0,0,0.4)
FiredRedBullet:(11.00655,4.210351,-0.06494085):(1,0,0,0.4)
FiredRedBullet:(0.3697633,10.61035,-0.06494085):(1,0,0,0.4)
FiredRedBullet:(0.3697633,10.61036,-0.06494085):(1,0,0,0.4)
FiredRedBullet:(11.07491,4.210352,-0.06494085):(1,0,0,0.4)
FiredRedBullet:(11.07491,4.210352,-0.06494085):(1,0,0,0.4)
FiredRedBullet:(11.00655,4.21035,-0.06494085):(1,0,0,0.4)
FiredRedBullet:(11.00655,4.21035,-0.06494085):(1,0,0,0.4)
FiredRedBullet:(10.93819,4.210349,-0.06494085):(1,0,0,0.4)
FiredRedBullet:(10.93819,4.210349,-0.06494085):(1,0,0,0.4)
FiredRedBullet:(10.93819,4.210349,-0.06494085):(1,0,0,0.4)
FiredRedBullet:(10.93819,4.210349,-0.06494085):(1,0,0,0.4)
FiredRedBullet:(10.93819,4.210349,-0.06494085):(1,0,0,0.4)
FiredRedBullet:(11.00655,4.210351,-0.06494085):(1,0,0,0.4)
FiredRedBullet:(11.00655,4.210351,-0.06494085):(1,0,0,0.4)
FiredRedBullet:(11.00655,4.210351,-0.06494085):(1,0,0,0.4)
FiredRedBullet:(11.00655,4.210351,-0.06494085):(1,0,0,0.4)
FiredRedBullet:(10.93819,4.210348,-0.06494085):(1,0,0,0.4)
FiredRedBullet:(10.93819,4.210349,-0.06494085):(1,0,0,0.4)
FiredRedBullet:(11.00655,4.21035,-0.06494085):(1,0,0,0.4)
FiredRedBullet:(11.00655,4.21035,-0.06494085):(1,0,0,0.4)
FiredRedBullet:(10.93819,4.210349,-0.06494085):(1,0,0,0.4)
FiredRedBullet:(10.93819,4.210349,-0.06494085):(1,0,0,0.4)
FiredRedBullet:(10.93819,4.210349,-0.06494085):(1,0,0,0.4)
FiredRedBullet:(10.93819,4.210349,-0.06494085):(1,0,0,0.4)
FiredRedBullet:(0.4043252,10.38258,-0.06494085):(1,0,0,0.4)
FiredRedBullet:(11.28,4.50608,-0.06494085):(1,0,0,0.4)
FiredRedBullet:(11.00655,4.210351,-0.06494085):(1,0,0,0.4)
FiredRedBullet:(11.00655,4.210351,-0.06494085):(1,0,0,0.4)
FiredRedBullet:(11.00655,4.210351,-0.06494085):(1,0,0,0.4)
FiredRedBullet:(11.00655,4.210351,-0.06494085):(1,0,0,0.4)
FiredRedBullet:(11.00655,4.210351,-0.06494085):(1,0,0,0.4)
FiredRedBullet:(11.00655,5.154527,-0.06494085):(1,0,0,0.4)
FiredRedBullet:(11.00655,5.385527,-0.06494085):(1,0,0,0.4)
FiredRedBullet:(10.93819,4.210345,-0.06494085):(1,0,0,0.4)
FiredRedBullet:(10.93819,4.210349,-0.06494085):(1,0,0,0.4)
FiredRedBullet:(10.93819,4.210349,-0.06494085):(1,0,0,0.4)
FiredRedBullet:(1.463011,9.920388,-0.06494085):(1,0,0,0.4)
FiredRedBullet:(1.205596,9.974987,-0.06494085):(1,0,0,0.4)
FiredRedBullet:(11.07491,4.210352,-0.06494085):(1,0,0,0.4)
FiredRedBullet:(11.07491,4.210352,-0.06494085):(1,0,0,0.4)
FiredRedBullet:(11.00655,4.21035,-0.06494085):(1,0,0,0.4)
FiredRedBullet:(11.07021,4.210352,-0.06494085):(1,0,0,0.4)
FiredRedBullet:(11.00655,4.21035,-0.06494085):(1,0,0,0.4)
FiredRedBullet:(11.29108,4.210358,-0.06494085):(1,0,0,0.4)
FiredRedBullet:(10.93463,4.21035,-0.06494085):(1,0,0,0.4)
FiredRedBullet:(10.93463,4.21035,-0.06494085):(1,0,0,0.4)
FiredRedBullet:(0.5405204,10.61035,-0.06494085):(1,0,0,0.4)
FiredRedBullet:(11.59768,4.210349,-0.06494085):(1,0,0,0.4)
FiredRedBullet:(10.94151,4.210349,-0.06494085):(1,0,0,0.4)
FiredRedBullet:(10.94151,4.210349,-0.06494085):(1,0,0,0.4)
FiredRedBullet:(11.01253,4.210351,-0.06494085):(1,0,0,0.4)
FiredRedBullet:(11.01253,4.210351,-0.06494085):(1,0,0,0.4)
FiredRedBullet:(11.01253,4.210351,-0.06494085):(1,0,0,0.4)
FiredRedBullet:(11.02566,4.210352,-0.06494085):(1,0,0,0.4)
FiredRedBullet:(11.02566,4.210352,-0.06494085):(1,0,0,0.4)
FiredRedBullet:(10.9573,4.210351,-0.06494085):(1,0,0,0.4)
FiredRedBullet:(11.07314,4.210353,-0.06494085):(1,0,0,0.4)
FiredRedBullet:(11.07314,4.210353,-0.06494085):(1,0,0,0.4)
FiredRedBullet:(11.20987,4.210356,-0.06494085):(1,0,0,0.4)
FiredRedBullet:(11.36357,4.210359,-0.06494085):(1,0,0,0.4)
FiredRedBullet:(11.36357,4.210359,-0.06494085):(1,0,0,0.4)
FiredRedBullet:(0.3692231,10.61036,-0.06494085):(1,0,0,0.4)
FiredRedBullet:(11.10428,4.210352,-0.06494085):(1,0,0,0.4)
FiredRedBullet:(11.241,4.210356,-0.06494085):(1,0,0,0.4)
FiredRedBullet:(11.18458,4.210357,-0.06494085):(1,0,0,0.4)
FiredRedBullet:(10.92859,4.210351,-0.06494085):(1,0,0,0.4)
FiredRedBullet:(0.3697596,10.61036,-0.06494085):(1,0,0,0.4)
FiredRedBullet:(11.19053,4.210356,-0.06494085):(1,0,0,0.4)
FiredRedBullet:(11.19053,4.210356,-0.06494085):(1,0,0,0.4)
FiredRedBullet:(10.96491,4.210347,-0.06494085):(1,0,0,0.4)
FiredRedBullet:(10.96491,4.210349,-0.06494085):(1,0,0,0.4)
FiredRedBullet:(10.93295,4.210349,-0.06494085):(1,0,0,0.4)
FiredRedBullet:(10.93295,4.210349,-0.06494085):(1,0,0,0.4)
FiredRedBullet:(10.93295,4.21035,-0.06494085):(1,0,0,0.4)
FiredRedBullet:(11.36588,4.210359,-0.06494085):(1,0,0,0.4)
FiredRedBullet:(11.36588,4.210359,-0.06494085):(1,0,0,0.4)
FiredRedBullet:(11.36588,4.210359,-0.06494085):(1,0,0,0.4)
FiredRedBullet:(47.78,5.490362,-0.06494085):(1,0,0,0.4)
FiredRedBullet:(18.91137,2.930355,-0.06494085):(1,0,0,0.4)
FiredRedBullet:(10.98289,4.21035,-0.06494085):(1,0,0,0.4)
FiredRedBullet:(11.11961,4.210356,-0.06494085):(1,0,0,0.4)
FiredRedBullet:(18.71972,2.930354,-0.06494085):(1,0,0,0.4)
FiredRedBullet:(19.87374,2.930361,-0.06494085):(1,0,0,0.4)
FiredRedBullet:(19.94009,2.930362,-0.06494085):(1,0,0,0.4)
FiredRedBullet:(11.4727,4.210361,-0.06494085):(1,0,0,0.4)
FiredRedBullet:(11.4727,4.210361,-0.06494085):(1,0,0,0.4)
FiredRedBullet:(11.61881,4.210364,-0.06494085):(1,0,0,0.4)
FiredRedBullet:(11.42528,4.210361,-0.06494085):(1,0,0,0.4)
FiredRedBullet:(11.42528,4.210361,-0.06494085):(1,0,0,0.4)
FiredRedBullet:(11.54294,4.210364,-0.06494085):(1,0,0,0.4)
FiredRedBullet:(11.54294,4.210364,-0.06494085):(1,0,0,0.4)
FiredRedBullet:(11.54294,4.210364,-0.06494085):(1,0,0,0.4)
FiredRedBullet:(11.26088,4.210354,-0.06494085):(1,0,0,0.4)
FiredRedBullet:(11.10151,4.210352,-0.06494085):(1,0,0,0.4)
FiredRedBullet:(11.10151,5.195293,-0.06494085):(1,0,0,0.4)
FiredRedBullet:(20.09699,2.930362,-0.06494085):(1,0,0,0.4)
FiredRedBullet:(11.23809,4.210356,-0.06494085):(1,0,0,0.4)
FiredRedBullet:(11.23809,4.210356,-0.06494085):(1,0,0,0.4)
FiredRedBullet:(11.23809,4.210356,-0.06494085):(1,0,0,0.4)
FiredRedBullet:(11.23809,4.681654,-0.06494085):(1,0,0,0.4)
FiredRedBullet:(11.23809,4.448951,-0.06494085):(1,0,0,0.4)
FiredRedBullet:(11.23809,4.210356,-0.06494085):(1,0,0,0.4)
FiredRedBullet:(11.23809,5.654778,-0.06494085):(1,0,0,0.4)
FiredRedBullet:(11.23809,4.210335,-0.06494085):(1,0,0,0.4)
FiredRedBullet:(11.63016,4.204358,-0.06494085):(1,0,0,0.4)
FiredRedBullet:(10.945,5.077066,-0.06494085):(1,0,0,0.4)
FiredRedBullet:(10.945,5.342884,-0.06494085):(1,0,0,0.4)
FiredRedBullet:(10.945,4.210349,-0.06494085):(1,0,0,0.4)
FiredRedBullet:(10.945,4.210349,-0.06494085):(1,0,0,0.4)
FiredRedBullet:(10.945,4.210349,-0.06494085):(1,0,0,0.4)
FiredRedBullet:(11.0004,4.21035,-0.06494085):(1,0,0,0.4)
FiredRedBullet:(11.0004,4.21035,-0.06494085):(1,0,0,0.4)
FiredRedBullet:(11.0004,4.21035,-0.06494085):(1,0,0,0.4)
FiredRedBullet:(11.2412,4.210358,-0.06494085):(1,0,0,0.4)
FiredRedBullet:(11.21964,4.210357,-0.06494085):(1,0,0,0.4)
FiredRedBullet:(11.4104,4.21036,-0.06494085):(1,0,0,0.4)
FiredRedBullet:(11.4104,4.21036,-0.06494085):(1,0,0,0.4)
FiredRedBullet:(11.2433,4.210358,-0.06494085):(1,0,0,0.4)
FiredRedBullet:(11.2433,4.210358,-0.06494085):(1,0,0,0.4)
FiredRedBullet:(20.23411,2.930363,-0.06494085):(1,0,0,0.4)
FiredRedBullet:(20.23411,2.930363,-0.06494085):(1,0,0,0.4)
FiredRedBullet:(20.65,6.84,-0.06494085):(1,0,0,0.4)
TotalDeaths:(0,0,0):(1,0,0,0.4)
TotalDeaths:(0,0,0):(1,0,0,0.4)
TotalDeaths:(0,0,0):(1,0,0,0.4)
TotalDeaths:(0,0,0):(1,0,0,0.4)
TotalDeaths:(0,0,0):(1,0,0,0.4)
TotalDeaths:(0,0,0):(1,0,0,0.4)
TotalDeaths:(0,0,0):(1,0,0,0.4)
TotalDeaths:(0,0,0):(1,0,0,0.4)
TotalDeaths:(0,0,0):(1,0,0,0.4)
TotalDeaths:(0,0,0):(1,0,0,0.4)
TotalDeaths:(0,0,0):(1,0,0,0.4)
TotalDeaths:(0,0,0):(1,0,0,0.4)
TotalDeaths:(0,0,0):(1,0,0,0.4)
TotalDeaths:(0,0,0):(1,0,0,0.4)
TotalDeaths:(0,0,0):(1,0,0,0.4)
TotalDeaths:(0,0,0):(1,0,0,0.4)
TotalDeaths:(0,0,0):(1,0,0,0.4)
TotalDeaths:(0,0,0):(1,0,0,0.4)
TotalDeaths:(0,0,0):(1,0,0,0.4)
TotalDeaths:(0,0,0):(1,0,0,0.4)
TotalDeaths:(0,0,0):(1,0,0,0.4)
TotalDeaths:(0,0,0):(1,0,0,0.4)
TotalDeaths:(0,0,0):(1,0,0,0.4)
TotalDeaths:(0,0,0):(1,0,0,0.4)
TotalDeaths:(0,0,0):(1,0,0,0.4)
TotalDeaths:(0,0,0):(1,0,0,0.4)
TotalDeaths:(0,0,0):(1,0,0,0.4)
TotalDeaths:(0,0,0):(1,0,0,0.4)
TotalDeaths:(0,0,0):(1,0,0,0.4)
TotalDeaths:(0,0,0):(1,0,0,0.4)
