StaminaLocation:(44.96479,5.470538,-0.06494085):(0,0,1,0.4)
StaminaLocation:(19.40506,2.910582,-0.06494085):(0,0,1,0.4)
StaminaLocation:(6.367051,4.190579,-0.06494085):(0,0,1,0.4)
DeathLocation:(14.12033,0.907549,-0.06494085):(1,0,0,0.4)
StaminaLocation:(12.59349,15.88163,-0.1051779):(0,0,1,0.4)
StaminaLocation:(44.64491,5.47057,-0.06494085):(0,0,1,0.4)
StaminaLocation:(19.97186,2.910559,-0.06494085):(0,0,1,0.4)
StaminaLocation:(12.73765,15.57972,-0.06494085):(0,0,1,0.4)
StaminaLocation:(8.399628,14.13248,-0.06494085):(0,0,1,0.4)
StaminaLocation:(45.33947,5.470547,-0.06494085):(0,0,1,0.4)
StaminaLocation:(19.24095,2.910562,-0.06494085):(0,0,1,0.4)
StaminaLocation:(12.6022,15.81414,-0.06494085):(0,0,1,0.4)
StaminaLocation:(44.94096,5.470507,-0.06494085):(0,0,1,0.4)
StaminaLocation:(19.49431,2.910567,-0.06494085):(0,0,1,0.4)
StaminaLocation:(8.879511,4.190585,-0.06494085):(0,0,1,0.4)
StaminaLocation:(6.290315,4.19057,-0.06494085):(0,0,1,0.4)
DeathLocation:(5.553239,6.158766,-0.06494085):(1,0,0,0.4)
StaminaLocation:(44.93396,5.470465,-0.06494085):(0,0,1,0.4)
StaminaLocation:(17.39503,2.910505,-0.06494085):(0,0,1,0.4)
DeathLocation:(22.91323,1.005313,-0.06494085):(1,0,0,0.4)
StaminaLocation:(12.69952,15.53241,-0.1051779):(0,0,1,0.4)
StaminaLocation:(7.62542,13.15005,-0.1051779):(0,0,1,0.4)
StaminaLocation:(45.42311,5.47044,-0.06494085):(0,0,1,0.4)
StaminaLocation:(19.26023,2.910572,-0.06494085):(0,0,1,0.4)
StaminaLocation:(9.212849,4.190523,-0.06494085):(0,0,1,0.4)
StaminaLocation:(6.417428,4.190584,-0.06494085):(0,0,1,0.4)
DeathLocation:(4.954903,7.525062,-0.06494085):(1,0,0,0.4)
StaminaLocation:(44.75121,5.470571,-0.06494085):(0,0,1,0.4)
DeathLocation:(36.37297,1.033313,-0.06494085):(1,0,0,0.4)
StaminaLocation:(45.05659,5.470572,-0.06494085):(0,0,1,0.4)
DeathLocation:(28.82081,2.264457,-0.06494085):(1,0,0,0.4)
StaminaLocation:(44.82986,5.470529,-0.06494085):(0,0,1,0.4)
StaminaLocation:(16.717,2.916773,-0.06494085):(0,0,1,0.4)
StaminaLocation:(12.4732,15.95821,-0.06494085):(0,0,1,0.4)
StaminaLocation:(5.538609,13.15062,-0.06494085):(0,0,1,0.4)
