StaminaLocation:(8.166011,0.3506141,-0.06494085):(0,0,1,0.4)
StaminaLocation:(17.57023,0.3505837,-0.06494085):(0,0,1,0.4)
StaminaLocation:(21.30464,2.792298,-0.06494085):(0,0,1,0.4)
StaminaLocation:(21.30464,0.3505989,-0.06494085):(0,0,1,0.4)
StaminaLocation:(23.7006,2.910428,-0.06494085):(0,0,1,0.4)
StaminaLocation:(29.7224,1.630589,-0.06494085):(0,0,1,0.4)
StaminaLocation:(33.20825,4.190597,-0.06494085):(0,0,1,0.4)
StaminaLocation:(35.61777,5.470572,-0.06494085):(0,0,1,0.4)
StaminaLocation:(31.86706,8.030575,-0.06494085):(0,0,1,0.4)
StaminaLocation:(32.38407,8.030576,-0.06494085):(0,0,1,0.4)
StaminaLocation:(32.525,11.87059,-0.06494085):(0,0,1,0.4)
StaminaLocation:(37.61479,5.470333,-0.06494085):(0,0,1,0.4)
StaminaLocation:(50.68449,5.470594,-0.06494085):(0,0,1,0.4)
StaminaLocation:(53.22441,8.030569,-0.06494085):(0,0,1,0.4)
DeathLocation:(56.20144,9.443439,-0.06494085):(1,0,0,0.4)
