DeathLocation:(19.56388,-4.758919,0.01199218):(1,0,0,0.4)
DeathLocation:(37.56285,-0.7596526,0.01199218):(1,0,0,0.4)
DeathLocation:(27.41319,-5.454959,0.01199218):(1,0,0,0.4)
DeathLocation:(8.50086,-4.718426,0.01199218):(1,0,0,0.4)
StaminaLocation:(4.679999,-1.959383,0.01199218):(0,0,1,0.4)
StaminaLocation:(5.939998,-1.959392,0.01199218):(0,0,1,0.4)
StaminaLocation:(20.10895,-2.237367,0.01199218):(0,0,1,0.4)
DeathLocation:(21.81226,-4.900809,0.01199218):(1,0,0,0.4)
StaminaLocation:(7.052778,-1.954696,0.01199218):(0,0,1,0.4)
StaminaLocation:(17.11979,-1.959414,0.01199218):(0,0,1,0.4)
StaminaLocation:(20.15068,-2.469938,0.01199218):(0,0,1,0.4)
DeathLocation:(18.59381,-5.386889,0.01199218):(1,0,0,0.4)
DeathLocation:(29.21037,-4.828915,0.01199218):(1,0,0,0.4)
StaminaLocation:(12.72444,-1.959417,0.01199218):(0,0,1,0.4)
StaminaLocation:(21.40587,-0.7797908,0.01199218):(0,0,1,0.4)
