DeathLocation:(3.840517,-1.939645,0.01199218):(1,0,0,0.4)
DeathLocation:(2.056146,-4.720151,0.01199218):(1,0,0,0.4)
DeathLocation:(5.102869,-1.939633,0.01199218):(1,0,0,0.4)
DeathLocation:(2.057371,-4.807678,0.01199218):(1,0,0,0.4)
DeathLocation:(1.791028,-4.808952,0.01199218):(1,0,0,0.4)
DeathLocation:(1.513702,-4.806041,0.01199218):(1,0,0,0.4)
DeathLocation:(13.95298,-4.747789,0.01199218):(1,0,0,0.4)
DeathLocation:(1.538871,-4.70698,0.01199218):(1,0,0,0.4)
DeathLocation:(2.055951,-4.834497,0.01199218):(1,0,0,0.4)
DeathLocation:(2.041122,-4.812582,0.01199218):(1,0,0,0.4)
DeathLocation:(2.050433,-4.7995,0.01199218):(1,0,0,0.4)
DeathLocation:(5.037603,-1.939635,0.01199218):(1,0,0,0.4)
DeathLocation:(4.830695,-1.939636,0.01199218):(1,0,0,0.4)
DeathLocation:(4.20283,-1.939641,0.01199218):(1,0,0,0.4)
DeathLocation:(4.566619,-1.939641,0.01199218):(1,0,0,0.4)
DeathLocation:(2.092653,-4.72995,0.01199218):(1,0,0,0.4)
DeathLocation:(3.874285,-1.939645,0.01199218):(1,0,0,0.4)
DeathLocation:(2.039104,-4.715751,0.01199218):(1,0,0,0.4)
DeathLocation:(5.161283,-1.939634,0.01199218):(1,0,0,0.4)
